1x1=1 2x1=2 3x1=3 4x1=4 5x1=5 6x1=6 7x1=7 8x1=8 9x1=9 10x1=10 11x1=11 12x1=12 13x1=13 14x1=14 15x1=15 16x1=16 17x1=17 18x1=18 19x1=19 20x1=20 21x1=21 22x1=22 23x1=23 24x1=24 25x1=25 26x1=26 27x1=27 28x1=28 29x1=29 30x1=30 31x1=31 32x1=32 33x1=33 34x1=34 35x1=35 36x1=36 37x1=37 38x1=38 39x1=39 40x1=40 41x1=41 42x1=42 43x1=43 44x1=44 45x1=45 46x1=46 47x1=47 48x1=48 49x1=49 50x1=50 51x1=51 52x1=52 53x1=53 54x1=54 55x1=55 56x1=56 57x1=57 58x1=58 59x1=59 60x1=60 61x1=61 62x1=62 63x1=63 64x1=64 65x1=65 66x1=66 67x1=67 68x1=68 69x1=69 70x1=70 71x1=71 72x1=72 73x1=73 74x1=74 75x1=75 76x1=76 77x1=77 78x1=78 79x1=79 80x1=80 81x1=81 82x1=82 83x1=83 84x1=84 85x1=85 
1x2=2 2x2=4 3x2=6 4x2=8 5x2=10 6x2=12 7x2=14 8x2=16 9x2=18 10x2=20 11x2=22 12x2=24 13x2=26 14x2=28 15x2=30 16x2=32 17x2=34 18x2=36 19x2=38 20x2=40 21x2=42 22x2=44 23x2=46 24x2=48 25x2=50 26x2=52 27x2=54 28x2=56 29x2=58 30x2=60 31x2=62 32x2=64 33x2=66 34x2=68 35x2=70 36x2=72 37x2=74 38x2=76 39x2=78 40x2=80 41x2=82 42x2=84 43x2=86 44x2=88 45x2=90 46x2=92 47x2=94 48x2=96 49x2=98 50x2=100 51x2=102 52x2=104 53x2=106 54x2=108 55x2=110 56x2=112 57x2=114 58x2=116 59x2=118 60x2=120 61x2=122 62x2=124 63x2=126 64x2=128 65x2=130 66x2=132 67x2=134 68x2=136 69x2=138 70x2=140 71x2=142 72x2=144 73x2=146 74x2=148 75x2=150 76x2=152 77x2=154 78x2=156 79x2=158 80x2=160 81x2=162 82x2=164 83x2=166 84x2=168 85x2=170 
1x3=3 2x3=6 3x3=9 4x3=12 5x3=15 6x3=18 7x3=21 8x3=24 9x3=27 10x3=30 11x3=33 12x3=36 13x3=39 14x3=42 15x3=45 16x3=48 17x3=51 18x3=54 19x3=57 20x3=60 21x3=63 22x3=66 23x3=69 24x3=72 25x3=75 26x3=78 27x3=81 28x3=84 29x3=87 30x3=90 31x3=93 32x3=96 33x3=99 34x3=102 35x3=105 36x3=108 37x3=111 38x3=114 39x3=117 40x3=120 41x3=123 42x3=126 43x3=129 44x3=132 45x3=135 46x3=138 47x3=141 48x3=144 49x3=147 50x3=150 51x3=153 52x3=156 53x3=159 54x3=162 55x3=165 56x3=168 57x3=171 58x3=174 59x3=177 60x3=180 61x3=183 62x3=186 63x3=189 64x3=192 65x3=195 66x3=198 67x3=201 68x3=204 69x3=207 70x3=210 71x3=213 72x3=216 73x3=219 74x3=222 75x3=225 76x3=228 77x3=231 78x3=234 79x3=237 80x3=240 81x3=243 82x3=246 83x3=249 84x3=252 85x3=255 
1x4=4 2x4=8 3x4=12 4x4=16 5x4=20 6x4=24 7x4=28 8x4=32 9x4=36 10x4=40 11x4=44 12x4=48 13x4=52 14x4=56 15x4=60 16x4=64 17x4=68 18x4=72 19x4=76 20x4=80 21x4=84 22x4=88 23x4=92 24x4=96 25x4=100 26x4=104 27x4=108 28x4=112 29x4=116 30x4=120 31x4=124 32x4=128 33x4=132 34x4=136 35x4=140 36x4=144 37x4=148 38x4=152 39x4=156 40x4=160 41x4=164 42x4=168 43x4=172 44x4=176 45x4=180 46x4=184 47x4=188 48x4=192 49x4=196 50x4=200 51x4=204 52x4=208 53x4=212 54x4=216 55x4=220 56x4=224 57x4=228 58x4=232 59x4=236 60x4=240 61x4=244 62x4=248 63x4=252 64x4=256 65x4=260 66x4=264 67x4=268 68x4=272 69x4=276 70x4=280 71x4=284 72x4=288 73x4=292 74x4=296 75x4=300 76x4=304 77x4=308 78x4=312 79x4=316 80x4=320 81x4=324 82x4=328 83x4=332 84x4=336 85x4=340 
1x5=5 2x5=10 3x5=15 4x5=20 5x5=25 6x5=30 7x5=35 8x5=40 9x5=45 10x5=50 11x5=55 12x5=60 13x5=65 14x5=70 15x5=75 16x5=80 17x5=85 18x5=90 19x5=95 20x5=100 21x5=105 22x5=110 23x5=115 24x5=120 25x5=125 26x5=130 27x5=135 28x5=140 29x5=145 30x5=150 31x5=155 32x5=160 33x5=165 34x5=170 35x5=175 36x5=180 37x5=185 38x5=190 39x5=195 40x5=200 41x5=205 42x5=210 43x5=215 44x5=220 45x5=225 46x5=230 47x5=235 48x5=240 49x5=245 50x5=250 51x5=255 52x5=260 53x5=265 54x5=270 55x5=275 56x5=280 57x5=285 58x5=290 59x5=295 60x5=300 61x5=305 62x5=310 63x5=315 64x5=320 65x5=325 66x5=330 67x5=335 68x5=340 69x5=345 70x5=350 71x5=355 72x5=360 73x5=365 74x5=370 75x5=375 76x5=380 77x5=385 78x5=390 79x5=395 80x5=400 81x5=405 82x5=410 83x5=415 84x5=420 85x5=425 
1x6=6 2x6=12 3x6=18 4x6=24 5x6=30 6x6=36 7x6=42 8x6=48 9x6=54 10x6=60 11x6=66 12x6=72 13x6=78 14x6=84 15x6=90 16x6=96 17x6=102 18x6=108 19x6=114 20x6=120 21x6=126 22x6=132 23x6=138 24x6=144 25x6=150 26x6=156 27x6=162 28x6=168 29x6=174 30x6=180 31x6=186 32x6=192 33x6=198 34x6=204 35x6=210 36x6=216 37x6=222 38x6=228 39x6=234 40x6=240 41x6=246 42x6=252 43x6=258 44x6=264 45x6=270 46x6=276 47x6=282 48x6=288 49x6=294 50x6=300 51x6=306 52x6=312 53x6=318 54x6=324 55x6=330 56x6=336 57x6=342 58x6=348 59x6=354 60x6=360 61x6=366 62x6=372 63x6=378 64x6=384 65x6=390 66x6=396 67x6=402 68x6=408 69x6=414 70x6=420 71x6=426 72x6=432 73x6=438 74x6=444 75x6=450 76x6=456 77x6=462 78x6=468 79x6=474 80x6=480 81x6=486 82x6=492 83x6=498 84x6=504 85x6=510 
1x7=7 2x7=14 3x7=21 4x7=28 5x7=35 6x7=42 7x7=49 8x7=56 9x7=63 10x7=70 11x7=77 12x7=84 13x7=91 14x7=98 15x7=105 16x7=112 17x7=119 18x7=126 19x7=133 20x7=140 21x7=147 22x7=154 23x7=161 24x7=168 25x7=175 26x7=182 27x7=189 28x7=196 29x7=203 30x7=210 31x7=217 32x7=224 33x7=231 34x7=238 35x7=245 36x7=252 37x7=259 38x7=266 39x7=273 40x7=280 41x7=287 42x7=294 43x7=301 44x7=308 45x7=315 46x7=322 47x7=329 48x7=336 49x7=343 50x7=350 51x7=357 52x7=364 53x7=371 54x7=378 55x7=385 56x7=392 57x7=399 58x7=406 59x7=413 60x7=420 61x7=427 62x7=434 63x7=441 64x7=448 65x7=455 66x7=462 67x7=469 68x7=476 69x7=483 70x7=490 71x7=497 72x7=504 73x7=511 74x7=518 75x7=525 76x7=532 77x7=539 78x7=546 79x7=553 80x7=560 81x7=567 82x7=574 83x7=581 84x7=588 85x7=595 
1x8=8 2x8=16 3x8=24 4x8=32 5x8=40 6x8=48 7x8=56 8x8=64 9x8=72 10x8=80 11x8=88 12x8=96 13x8=104 14x8=112 15x8=120 16x8=128 17x8=136 18x8=144 19x8=152 20x8=160 21x8=168 22x8=176 23x8=184 24x8=192 25x8=200 26x8=208 27x8=216 28x8=224 29x8=232 30x8=240 31x8=248 32x8=256 33x8=264 34x8=272 35x8=280 36x8=288 37x8=296 38x8=304 39x8=312 40x8=320 41x8=328 42x8=336 43x8=344 44x8=352 45x8=360 46x8=368 47x8=376 48x8=384 49x8=392 50x8=400 51x8=408 52x8=416 53x8=424 54x8=432 55x8=440 56x8=448 57x8=456 58x8=464 59x8=472 60x8=480 61x8=488 62x8=496 63x8=504 64x8=512 65x8=520 66x8=528 67x8=536 68x8=544 69x8=552 70x8=560 71x8=568 72x8=576 73x8=584 74x8=592 75x8=600 76x8=608 77x8=616 78x8=624 79x8=632 80x8=640 81x8=648 82x8=656 83x8=664 84x8=672 85x8=680 
1x9=9 2x9=18 3x9=27 4x9=36 5x9=45 6x9=54 7x9=63 8x9=72 9x9=81 10x9=90 11x9=99 12x9=108 13x9=117 14x9=126 15x9=135 16x9=144 17x9=153 18x9=162 19x9=171 20x9=180 21x9=189 22x9=198 23x9=207 24x9=216 25x9=225 26x9=234 27x9=243 28x9=252 29x9=261 30x9=270 31x9=279 32x9=288 33x9=297 34x9=306 35x9=315 36x9=324 37x9=333 38x9=342 39x9=351 40x9=360 41x9=369 42x9=378 43x9=387 44x9=396 45x9=405 46x9=414 47x9=423 48x9=432 49x9=441 50x9=450 51x9=459 52x9=468 53x9=477 54x9=486 55x9=495 56x9=504 57x9=513 58x9=522 59x9=531 60x9=540 61x9=549 62x9=558 63x9=567 64x9=576 65x9=585 66x9=594 67x9=603 68x9=612 69x9=621 70x9=630 71x9=639 72x9=648 73x9=657 74x9=666 75x9=675 76x9=684 77x9=693 78x9=702 79x9=711 80x9=720 81x9=729 82x9=738 83x9=747 84x9=756 85x9=765 
1x10=10 2x10=20 3x10=30 4x10=40 5x10=50 6x10=60 7x10=70 8x10=80 9x10=90 10x10=100 11x10=110 12x10=120 13x10=130 14x10=140 15x10=150 16x10=160 17x10=170 18x10=180 19x10=190 20x10=200 21x10=210 22x10=220 23x10=230 24x10=240 25x10=250 26x10=260 27x10=270 28x10=280 29x10=290 30x10=300 31x10=310 32x10=320 33x10=330 34x10=340 35x10=350 36x10=360 37x10=370 38x10=380 39x10=390 40x10=400 41x10=410 42x10=420 43x10=430 44x10=440 45x10=450 46x10=460 47x10=470 48x10=480 49x10=490 50x10=500 51x10=510 52x10=520 53x10=530 54x10=540 55x10=550 56x10=560 57x10=570 58x10=580 59x10=590 60x10=600 61x10=610 62x10=620 63x10=630 64x10=640 65x10=650 66x10=660 67x10=670 68x10=680 69x10=690 70x10=700 71x10=710 72x10=720 73x10=730 74x10=740 75x10=750 76x10=760 77x10=770 78x10=780 79x10=790 80x10=800 81x10=810 82x10=820 83x10=830 84x10=840 85x10=850 
1x11=11 2x11=22 3x11=33 4x11=44 5x11=55 6x11=66 7x11=77 8x11=88 9x11=99 10x11=110 11x11=121 12x11=132 13x11=143 14x11=154 15x11=165 16x11=176 17x11=187 18x11=198 19x11=209 20x11=220 21x11=231 22x11=242 23x11=253 24x11=264 25x11=275 26x11=286 27x11=297 28x11=308 29x11=319 30x11=330 31x11=341 32x11=352 33x11=363 34x11=374 35x11=385 36x11=396 37x11=407 38x11=418 39x11=429 40x11=440 41x11=451 42x11=462 43x11=473 44x11=484 45x11=495 46x11=506 47x11=517 48x11=528 49x11=539 50x11=550 51x11=561 52x11=572 53x11=583 54x11=594 55x11=605 56x11=616 57x11=627 58x11=638 59x11=649 60x11=660 61x11=671 62x11=682 63x11=693 64x11=704 65x11=715 66x11=726 67x11=737 68x11=748 69x11=759 70x11=770 71x11=781 72x11=792 73x11=803 74x11=814 75x11=825 76x11=836 77x11=847 78x11=858 79x11=869 80x11=880 81x11=891 82x11=902 83x11=913 84x11=924 85x11=935 
1x12=12 2x12=24 3x12=36 4x12=48 5x12=60 6x12=72 7x12=84 8x12=96 9x12=108 10x12=120 11x12=132 12x12=144 13x12=156 14x12=168 15x12=180 16x12=192 17x12=204 18x12=216 19x12=228 20x12=240 21x12=252 22x12=264 23x12=276 24x12=288 25x12=300 26x12=312 27x12=324 28x12=336 29x12=348 30x12=360 31x12=372 32x12=384 33x12=396 34x12=408 35x12=420 36x12=432 37x12=444 38x12=456 39x12=468 40x12=480 41x12=492 42x12=504 43x12=516 44x12=528 45x12=540 46x12=552 47x12=564 48x12=576 49x12=588 50x12=600 51x12=612 52x12=624 53x12=636 54x12=648 55x12=660 56x12=672 57x12=684 58x12=696 59x12=708 60x12=720 61x12=732 62x12=744 63x12=756 64x12=768 65x12=780 66x12=792 67x12=804 68x12=816 69x12=828 70x12=840 71x12=852 72x12=864 73x12=876 74x12=888 75x12=900 76x12=912 77x12=924 78x12=936 79x12=948 80x12=960 81x12=972 82x12=984 83x12=996 84x12=1008 85x12=1020 
1x13=13 2x13=26 3x13=39 4x13=52 5x13=65 6x13=78 7x13=91 8x13=104 9x13=117 10x13=130 11x13=143 12x13=156 13x13=169 14x13=182 15x13=195 16x13=208 17x13=221 18x13=234 19x13=247 20x13=260 21x13=273 22x13=286 23x13=299 24x13=312 25x13=325 26x13=338 27x13=351 28x13=364 29x13=377 30x13=390 31x13=403 32x13=416 33x13=429 34x13=442 35x13=455 36x13=468 37x13=481 38x13=494 39x13=507 40x13=520 41x13=533 42x13=546 43x13=559 44x13=572 45x13=585 46x13=598 47x13=611 48x13=624 49x13=637 50x13=650 51x13=663 52x13=676 53x13=689 54x13=702 55x13=715 56x13=728 57x13=741 58x13=754 59x13=767 60x13=780 61x13=793 62x13=806 63x13=819 64x13=832 65x13=845 66x13=858 67x13=871 68x13=884 69x13=897 70x13=910 71x13=923 72x13=936 73x13=949 74x13=962 75x13=975 76x13=988 77x13=1001 78x13=1014 79x13=1027 80x13=1040 81x13=1053 82x13=1066 83x13=1079 84x13=1092 85x13=1105 
1x14=14 2x14=28 3x14=42 4x14=56 5x14=70 6x14=84 7x14=98 8x14=112 9x14=126 10x14=140 11x14=154 12x14=168 13x14=182 14x14=196 15x14=210 16x14=224 17x14=238 18x14=252 19x14=266 20x14=280 21x14=294 22x14=308 23x14=322 24x14=336 25x14=350 26x14=364 27x14=378 28x14=392 29x14=406 30x14=420 31x14=434 32x14=448 33x14=462 34x14=476 35x14=490 36x14=504 37x14=518 38x14=532 39x14=546 40x14=560 41x14=574 42x14=588 43x14=602 44x14=616 45x14=630 46x14=644 47x14=658 48x14=672 49x14=686 50x14=700 51x14=714 52x14=728 53x14=742 54x14=756 55x14=770 56x14=784 57x14=798 58x14=812 59x14=826 60x14=840 61x14=854 62x14=868 63x14=882 64x14=896 65x14=910 66x14=924 67x14=938 68x14=952 69x14=966 70x14=980 71x14=994 72x14=1008 73x14=1022 74x14=1036 75x14=1050 76x14=1064 77x14=1078 78x14=1092 79x14=1106 80x14=1120 81x14=1134 82x14=1148 83x14=1162 84x14=1176 85x14=1190 
1x15=15 2x15=30 3x15=45 4x15=60 5x15=75 6x15=90 7x15=105 8x15=120 9x15=135 10x15=150 11x15=165 12x15=180 13x15=195 14x15=210 15x15=225 16x15=240 17x15=255 18x15=270 19x15=285 20x15=300 21x15=315 22x15=330 23x15=345 24x15=360 25x15=375 26x15=390 27x15=405 28x15=420 29x15=435 30x15=450 31x15=465 32x15=480 33x15=495 34x15=510 35x15=525 36x15=540 37x15=555 38x15=570 39x15=585 40x15=600 41x15=615 42x15=630 43x15=645 44x15=660 45x15=675 46x15=690 47x15=705 48x15=720 49x15=735 50x15=750 51x15=765 52x15=780 53x15=795 54x15=810 55x15=825 56x15=840 57x15=855 58x15=870 59x15=885 60x15=900 61x15=915 62x15=930 63x15=945 64x15=960 65x15=975 66x15=990 67x15=1005 68x15=1020 69x15=1035 70x15=1050 71x15=1065 72x15=1080 73x15=1095 74x15=1110 75x15=1125 76x15=1140 77x15=1155 78x15=1170 79x15=1185 80x15=1200 81x15=1215 82x15=1230 83x15=1245 84x15=1260 85x15=1275 
1x16=16 2x16=32 3x16=48 4x16=64 5x16=80 6x16=96 7x16=112 8x16=128 9x16=144 10x16=160 11x16=176 12x16=192 13x16=208 14x16=224 15x16=240 16x16=256 17x16=272 18x16=288 19x16=304 20x16=320 21x16=336 22x16=352 23x16=368 24x16=384 25x16=400 26x16=416 27x16=432 28x16=448 29x16=464 30x16=480 31x16=496 32x16=512 33x16=528 34x16=544 35x16=560 36x16=576 37x16=592 38x16=608 39x16=624 40x16=640 41x16=656 42x16=672 43x16=688 44x16=704 45x16=720 46x16=736 47x16=752 48x16=768 49x16=784 50x16=800 51x16=816 52x16=832 53x16=848 54x16=864 55x16=880 56x16=896 57x16=912 58x16=928 59x16=944 60x16=960 61x16=976 62x16=992 63x16=1008 64x16=1024 65x16=1040 66x16=1056 67x16=1072 68x16=1088 69x16=1104 70x16=1120 71x16=1136 72x16=1152 73x16=1168 74x16=1184 75x16=1200 76x16=1216 77x16=1232 78x16=1248 79x16=1264 80x16=1280 81x16=1296 82x16=1312 83x16=1328 84x16=1344 85x16=1360 
1x17=17 2x17=34 3x17=51 4x17=68 5x17=85 6x17=102 7x17=119 8x17=136 9x17=153 10x17=170 11x17=187 12x17=204 13x17=221 14x17=238 15x17=255 16x17=272 17x17=289 18x17=306 19x17=323 20x17=340 21x17=357 22x17=374 23x17=391 24x17=408 25x17=425 26x17=442 27x17=459 28x17=476 29x17=493 30x17=510 31x17=527 32x17=544 33x17=561 34x17=578 35x17=595 36x17=612 37x17=629 38x17=646 39x17=663 40x17=680 41x17=697 42x17=714 43x17=731 44x17=748 45x17=765 46x17=782 47x17=799 48x17=816 49x17=833 50x17=850 51x17=867 52x17=884 53x17=901 54x17=918 55x17=935 56x17=952 57x17=969 58x17=986 59x17=1003 60x17=1020 61x17=1037 62x17=1054 63x17=1071 64x17=1088 65x17=1105 66x17=1122 67x17=1139 68x17=1156 69x17=1173 70x17=1190 71x17=1207 72x17=1224 73x17=1241 74x17=1258 75x17=1275 76x17=1292 77x17=1309 78x17=1326 79x17=1343 80x17=1360 81x17=1377 82x17=1394 83x17=1411 84x17=1428 85x17=1445 
1x18=18 2x18=36 3x18=54 4x18=72 5x18=90 6x18=108 7x18=126 8x18=144 9x18=162 10x18=180 11x18=198 12x18=216 13x18=234 14x18=252 15x18=270 16x18=288 17x18=306 18x18=324 19x18=342 20x18=360 21x18=378 22x18=396 23x18=414 24x18=432 25x18=450 26x18=468 27x18=486 28x18=504 29x18=522 30x18=540 31x18=558 32x18=576 33x18=594 34x18=612 35x18=630 36x18=648 37x18=666 38x18=684 39x18=702 40x18=720 41x18=738 42x18=756 43x18=774 44x18=792 45x18=810 46x18=828 47x18=846 48x18=864 49x18=882 50x18=900 51x18=918 52x18=936 53x18=954 54x18=972 55x18=990 56x18=1008 57x18=1026 58x18=1044 59x18=1062 60x18=1080 61x18=1098 62x18=1116 63x18=1134 64x18=1152 65x18=1170 66x18=1188 67x18=1206 68x18=1224 69x18=1242 70x18=1260 71x18=1278 72x18=1296 73x18=1314 74x18=1332 75x18=1350 76x18=1368 77x18=1386 78x18=1404 79x18=1422 80x18=1440 81x18=1458 82x18=1476 83x18=1494 84x18=1512 85x18=1530 
1x19=19 2x19=38 3x19=57 4x19=76 5x19=95 6x19=114 7x19=133 8x19=152 9x19=171 10x19=190 11x19=209 12x19=228 13x19=247 14x19=266 15x19=285 16x19=304 17x19=323 18x19=342 19x19=361 20x19=380 21x19=399 22x19=418 23x19=437 24x19=456 25x19=475 26x19=494 27x19=513 28x19=532 29x19=551 30x19=570 31x19=589 32x19=608 33x19=627 34x19=646 35x19=665 36x19=684 37x19=703 38x19=722 39x19=741 40x19=760 41x19=779 42x19=798 43x19=817 44x19=836 45x19=855 46x19=874 47x19=893 48x19=912 49x19=931 50x19=950 51x19=969 52x19=988 53x19=1007 54x19=1026 55x19=1045 56x19=1064 57x19=1083 58x19=1102 59x19=1121 60x19=1140 61x19=1159 62x19=1178 63x19=1197 64x19=1216 65x19=1235 66x19=1254 67x19=1273 68x19=1292 69x19=1311 70x19=1330 71x19=1349 72x19=1368 73x19=1387 74x19=1406 75x19=1425 76x19=1444 77x19=1463 78x19=1482 79x19=1501 80x19=1520 81x19=1539 82x19=1558 83x19=1577 84x19=1596 85x19=1615 
1x20=20 2x20=40 3x20=60 4x20=80 5x20=100 6x20=120 7x20=140 8x20=160 9x20=180 10x20=200 11x20=220 12x20=240 13x20=260 14x20=280 15x20=300 16x20=320 17x20=340 18x20=360 19x20=380 20x20=400 21x20=420 22x20=440 23x20=460 24x20=480 25x20=500 26x20=520 27x20=540 28x20=560 29x20=580 30x20=600 31x20=620 32x20=640 33x20=660 34x20=680 35x20=700 36x20=720 37x20=740 38x20=760 39x20=780 40x20=800 41x20=820 42x20=840 43x20=860 44x20=880 45x20=900 46x20=920 47x20=940 48x20=960 49x20=980 50x20=1000 51x20=1020 52x20=1040 53x20=1060 54x20=1080 55x20=1100 56x20=1120 57x20=1140 58x20=1160 59x20=1180 60x20=1200 61x20=1220 62x20=1240 63x20=1260 64x20=1280 65x20=1300 66x20=1320 67x20=1340 68x20=1360 69x20=1380 70x20=1400 71x20=1420 72x20=1440 73x20=1460 74x20=1480 75x20=1500 76x20=1520 77x20=1540 78x20=1560 79x20=1580 80x20=1600 81x20=1620 82x20=1640 83x20=1660 84x20=1680 85x20=1700 
1x21=21 2x21=42 3x21=63 4x21=84 5x21=105 6x21=126 7x21=147 8x21=168 9x21=189 10x21=210 11x21=231 12x21=252 13x21=273 14x21=294 15x21=315 16x21=336 17x21=357 18x21=378 19x21=399 20x21=420 21x21=441 22x21=462 23x21=483 24x21=504 25x21=525 26x21=546 27x21=567 28x21=588 29x21=609 30x21=630 31x21=651 32x21=672 33x21=693 34x21=714 35x21=735 36x21=756 37x21=777 38x21=798 39x21=819 40x21=840 41x21=861 42x21=882 43x21=903 44x21=924 45x21=945 46x21=966 47x21=987 48x21=1008 49x21=1029 50x21=1050 51x21=1071 52x21=1092 53x21=1113 54x21=1134 55x21=1155 56x21=1176 57x21=1197 58x21=1218 59x21=1239 60x21=1260 61x21=1281 62x21=1302 63x21=1323 64x21=1344 65x21=1365 66x21=1386 67x21=1407 68x21=1428 69x21=1449 70x21=1470 71x21=1491 72x21=1512 73x21=1533 74x21=1554 75x21=1575 76x21=1596 77x21=1617 78x21=1638 79x21=1659 80x21=1680 81x21=1701 82x21=1722 83x21=1743 84x21=1764 85x21=1785 
1x22=22 2x22=44 3x22=66 4x22=88 5x22=110 6x22=132 7x22=154 8x22=176 9x22=198 10x22=220 11x22=242 12x22=264 13x22=286 14x22=308 15x22=330 16x22=352 17x22=374 18x22=396 19x22=418 20x22=440 21x22=462 22x22=484 23x22=506 24x22=528 25x22=550 26x22=572 27x22=594 28x22=616 29x22=638 30x22=660 31x22=682 32x22=704 33x22=726 34x22=748 35x22=770 36x22=792 37x22=814 38x22=836 39x22=858 40x22=880 41x22=902 42x22=924 43x22=946 44x22=968 45x22=990 46x22=1012 47x22=1034 48x22=1056 49x22=1078 50x22=1100 51x22=1122 52x22=1144 53x22=1166 54x22=1188 55x22=1210 56x22=1232 57x22=1254 58x22=1276 59x22=1298 60x22=1320 61x22=1342 62x22=1364 63x22=1386 64x22=1408 65x22=1430 66x22=1452 67x22=1474 68x22=1496 69x22=1518 70x22=1540 71x22=1562 72x22=1584 73x22=1606 74x22=1628 75x22=1650 76x22=1672 77x22=1694 78x22=1716 79x22=1738 80x22=1760 81x22=1782 82x22=1804 83x22=1826 84x22=1848 85x22=1870 
1x23=23 2x23=46 3x23=69 4x23=92 5x23=115 6x23=138 7x23=161 8x23=184 9x23=207 10x23=230 11x23=253 12x23=276 13x23=299 14x23=322 15x23=345 16x23=368 17x23=391 18x23=414 19x23=437 20x23=460 21x23=483 22x23=506 23x23=529 24x23=552 25x23=575 26x23=598 27x23=621 28x23=644 29x23=667 30x23=690 31x23=713 32x23=736 33x23=759 34x23=782 35x23=805 36x23=828 37x23=851 38x23=874 39x23=897 40x23=920 41x23=943 42x23=966 43x23=989 44x23=1012 45x23=1035 46x23=1058 47x23=1081 48x23=1104 49x23=1127 50x23=1150 51x23=1173 52x23=1196 53x23=1219 54x23=1242 55x23=1265 56x23=1288 57x23=1311 58x23=1334 59x23=1357 60x23=1380 61x23=1403 62x23=1426 63x23=1449 64x23=1472 65x23=1495 66x23=1518 67x23=1541 68x23=1564 69x23=1587 70x23=1610 71x23=1633 72x23=1656 73x23=1679 74x23=1702 75x23=1725 76x23=1748 77x23=1771 78x23=1794 79x23=1817 80x23=1840 81x23=1863 82x23=1886 83x23=1909 84x23=1932 85x23=1955 
1x24=24 2x24=48 3x24=72 4x24=96 5x24=120 6x24=144 7x24=168 8x24=192 9x24=216 10x24=240 11x24=264 12x24=288 13x24=312 14x24=336 15x24=360 16x24=384 17x24=408 18x24=432 19x24=456 20x24=480 21x24=504 22x24=528 23x24=552 24x24=576 25x24=600 26x24=624 27x24=648 28x24=672 29x24=696 30x24=720 31x24=744 32x24=768 33x24=792 34x24=816 35x24=840 36x24=864 37x24=888 38x24=912 39x24=936 40x24=960 41x24=984 42x24=1008 43x24=1032 44x24=1056 45x24=1080 46x24=1104 47x24=1128 48x24=1152 49x24=1176 50x24=1200 51x24=1224 52x24=1248 53x24=1272 54x24=1296 55x24=1320 56x24=1344 57x24=1368 58x24=1392 59x24=1416 60x24=1440 61x24=1464 62x24=1488 63x24=1512 64x24=1536 65x24=1560 66x24=1584 67x24=1608 68x24=1632 69x24=1656 70x24=1680 71x24=1704 72x24=1728 73x24=1752 74x24=1776 75x24=1800 76x24=1824 77x24=1848 78x24=1872 79x24=1896 80x24=1920 81x24=1944 82x24=1968 83x24=1992 84x24=2016 85x24=2040 
1x25=25 2x25=50 3x25=75 4x25=100 5x25=125 6x25=150 7x25=175 8x25=200 9x25=225 10x25=250 11x25=275 12x25=300 13x25=325 14x25=350 15x25=375 16x25=400 17x25=425 18x25=450 19x25=475 20x25=500 21x25=525 22x25=550 23x25=575 24x25=600 25x25=625 26x25=650 27x25=675 28x25=700 29x25=725 30x25=750 31x25=775 32x25=800 33x25=825 34x25=850 35x25=875 36x25=900 37x25=925 38x25=950 39x25=975 40x25=1000 41x25=1025 42x25=1050 43x25=1075 44x25=1100 45x25=1125 46x25=1150 47x25=1175 48x25=1200 49x25=1225 50x25=1250 51x25=1275 52x25=1300 53x25=1325 54x25=1350 55x25=1375 56x25=1400 57x25=1425 58x25=1450 59x25=1475 60x25=1500 61x25=1525 62x25=1550 63x25=1575 64x25=1600 65x25=1625 66x25=1650 67x25=1675 68x25=1700 69x25=1725 70x25=1750 71x25=1775 72x25=1800 73x25=1825 74x25=1850 75x25=1875 76x25=1900 77x25=1925 78x25=1950 79x25=1975 80x25=2000 81x25=2025 82x25=2050 83x25=2075 84x25=2100 85x25=2125 
1x26=26 2x26=52 3x26=78 4x26=104 5x26=130 6x26=156 7x26=182 8x26=208 9x26=234 10x26=260 11x26=286 12x26=312 13x26=338 14x26=364 15x26=390 16x26=416 17x26=442 18x26=468 19x26=494 20x26=520 21x26=546 22x26=572 23x26=598 24x26=624 25x26=650 26x26=676 27x26=702 28x26=728 29x26=754 30x26=780 31x26=806 32x26=832 33x26=858 34x26=884 35x26=910 36x26=936 37x26=962 38x26=988 39x26=1014 40x26=1040 41x26=1066 42x26=1092 43x26=1118 44x26=1144 45x26=1170 46x26=1196 47x26=1222 48x26=1248 49x26=1274 50x26=1300 51x26=1326 52x26=1352 53x26=1378 54x26=1404 55x26=1430 56x26=1456 57x26=1482 58x26=1508 59x26=1534 60x26=1560 61x26=1586 62x26=1612 63x26=1638 64x26=1664 65x26=1690 66x26=1716 67x26=1742 68x26=1768 69x26=1794 70x26=1820 71x26=1846 72x26=1872 73x26=1898 74x26=1924 75x26=1950 76x26=1976 77x26=2002 78x26=2028 79x26=2054 80x26=2080 81x26=2106 82x26=2132 83x26=2158 84x26=2184 85x26=2210 
1x27=27 2x27=54 3x27=81 4x27=108 5x27=135 6x27=162 7x27=189 8x27=216 9x27=243 10x27=270 11x27=297 12x27=324 13x27=351 14x27=378 15x27=405 16x27=432 17x27=459 18x27=486 19x27=513 20x27=540 21x27=567 22x27=594 23x27=621 24x27=648 25x27=675 26x27=702 27x27=729 28x27=756 29x27=783 30x27=810 31x27=837 32x27=864 33x27=891 34x27=918 35x27=945 36x27=972 37x27=999 38x27=1026 39x27=1053 40x27=1080 41x27=1107 42x27=1134 43x27=1161 44x27=1188 45x27=1215 46x27=1242 47x27=1269 48x27=1296 49x27=1323 50x27=1350 51x27=1377 52x27=1404 53x27=1431 54x27=1458 55x27=1485 56x27=1512 57x27=1539 58x27=1566 59x27=1593 60x27=1620 61x27=1647 62x27=1674 63x27=1701 64x27=1728 65x27=1755 66x27=1782 67x27=1809 68x27=1836 69x27=1863 70x27=1890 71x27=1917 72x27=1944 73x27=1971 74x27=1998 75x27=2025 76x27=2052 77x27=2079 78x27=2106 79x27=2133 80x27=2160 81x27=2187 82x27=2214 83x27=2241 84x27=2268 85x27=2295 
1x28=28 2x28=56 3x28=84 4x28=112 5x28=140 6x28=168 7x28=196 8x28=224 9x28=252 10x28=280 11x28=308 12x28=336 13x28=364 14x28=392 15x28=420 16x28=448 17x28=476 18x28=504 19x28=532 20x28=560 21x28=588 22x28=616 23x28=644 24x28=672 25x28=700 26x28=728 27x28=756 28x28=784 29x28=812 30x28=840 31x28=868 32x28=896 33x28=924 34x28=952 35x28=980 36x28=1008 37x28=1036 38x28=1064 39x28=1092 40x28=1120 41x28=1148 42x28=1176 43x28=1204 44x28=1232 45x28=1260 46x28=1288 47x28=1316 48x28=1344 49x28=1372 50x28=1400 51x28=1428 52x28=1456 53x28=1484 54x28=1512 55x28=1540 56x28=1568 57x28=1596 58x28=1624 59x28=1652 60x28=1680 61x28=1708 62x28=1736 63x28=1764 64x28=1792 65x28=1820 66x28=1848 67x28=1876 68x28=1904 69x28=1932 70x28=1960 71x28=1988 72x28=2016 73x28=2044 74x28=2072 75x28=2100 76x28=2128 77x28=2156 78x28=2184 79x28=2212 80x28=2240 81x28=2268 82x28=2296 83x28=2324 84x28=2352 85x28=2380 
1x29=29 2x29=58 3x29=87 4x29=116 5x29=145 6x29=174 7x29=203 8x29=232 9x29=261 10x29=290 11x29=319 12x29=348 13x29=377 14x29=406 15x29=435 16x29=464 17x29=493 18x29=522 19x29=551 20x29=580 21x29=609 22x29=638 23x29=667 24x29=696 25x29=725 26x29=754 27x29=783 28x29=812 29x29=841 30x29=870 31x29=899 32x29=928 33x29=957 34x29=986 35x29=1015 36x29=1044 37x29=1073 38x29=1102 39x29=1131 40x29=1160 41x29=1189 42x29=1218 43x29=1247 44x29=1276 45x29=1305 46x29=1334 47x29=1363 48x29=1392 49x29=1421 50x29=1450 51x29=1479 52x29=1508 53x29=1537 54x29=1566 55x29=1595 56x29=1624 57x29=1653 58x29=1682 59x29=1711 60x29=1740 61x29=1769 62x29=1798 63x29=1827 64x29=1856 65x29=1885 66x29=1914 67x29=1943 68x29=1972 69x29=2001 70x29=2030 71x29=2059 72x29=2088 73x29=2117 74x29=2146 75x29=2175 76x29=2204 77x29=2233 78x29=2262 79x29=2291 80x29=2320 81x29=2349 82x29=2378 83x29=2407 84x29=2436 85x29=2465 
1x30=30 2x30=60 3x30=90 4x30=120 5x30=150 6x30=180 7x30=210 8x30=240 9x30=270 10x30=300 11x30=330 12x30=360 13x30=390 14x30=420 15x30=450 16x30=480 17x30=510 18x30=540 19x30=570 20x30=600 21x30=630 22x30=660 23x30=690 24x30=720 25x30=750 26x30=780 27x30=810 28x30=840 29x30=870 30x30=900 31x30=930 32x30=960 33x30=990 34x30=1020 35x30=1050 36x30=1080 37x30=1110 38x30=1140 39x30=1170 40x30=1200 41x30=1230 42x30=1260 43x30=1290 44x30=1320 45x30=1350 46x30=1380 47x30=1410 48x30=1440 49x30=1470 50x30=1500 51x30=1530 52x30=1560 53x30=1590 54x30=1620 55x30=1650 56x30=1680 57x30=1710 58x30=1740 59x30=1770 60x30=1800 61x30=1830 62x30=1860 63x30=1890 64x30=1920 65x30=1950 66x30=1980 67x30=2010 68x30=2040 69x30=2070 70x30=2100 71x30=2130 72x30=2160 73x30=2190 74x30=2220 75x30=2250 76x30=2280 77x30=2310 78x30=2340 79x30=2370 80x30=2400 81x30=2430 82x30=2460 83x30=2490 84x30=2520 85x30=2550 
1x31=31 2x31=62 3x31=93 4x31=124 5x31=155 6x31=186 7x31=217 8x31=248 9x31=279 10x31=310 11x31=341 12x31=372 13x31=403 14x31=434 15x31=465 16x31=496 17x31=527 18x31=558 19x31=589 20x31=620 21x31=651 22x31=682 23x31=713 24x31=744 25x31=775 26x31=806 27x31=837 28x31=868 29x31=899 30x31=930 31x31=961 32x31=992 33x31=1023 34x31=1054 35x31=1085 36x31=1116 37x31=1147 38x31=1178 39x31=1209 40x31=1240 41x31=1271 42x31=1302 43x31=1333 44x31=1364 45x31=1395 46x31=1426 47x31=1457 48x31=1488 49x31=1519 50x31=1550 51x31=1581 52x31=1612 53x31=1643 54x31=1674 55x31=1705 56x31=1736 57x31=1767 58x31=1798 59x31=1829 60x31=1860 61x31=1891 62x31=1922 63x31=1953 64x31=1984 65x31=2015 66x31=2046 67x31=2077 68x31=2108 69x31=2139 70x31=2170 71x31=2201 72x31=2232 73x31=2263 74x31=2294 75x31=2325 76x31=2356 77x31=2387 78x31=2418 79x31=2449 80x31=2480 81x31=2511 82x31=2542 83x31=2573 84x31=2604 85x31=2635 
1x32=32 2x32=64 3x32=96 4x32=128 5x32=160 6x32=192 7x32=224 8x32=256 9x32=288 10x32=320 11x32=352 12x32=384 13x32=416 14x32=448 15x32=480 16x32=512 17x32=544 18x32=576 19x32=608 20x32=640 21x32=672 22x32=704 23x32=736 24x32=768 25x32=800 26x32=832 27x32=864 28x32=896 29x32=928 30x32=960 31x32=992 32x32=1024 33x32=1056 34x32=1088 35x32=1120 36x32=1152 37x32=1184 38x32=1216 39x32=1248 40x32=1280 41x32=1312 42x32=1344 43x32=1376 44x32=1408 45x32=1440 46x32=1472 47x32=1504 48x32=1536 49x32=1568 50x32=1600 51x32=1632 52x32=1664 53x32=1696 54x32=1728 55x32=1760 56x32=1792 57x32=1824 58x32=1856 59x32=1888 60x32=1920 61x32=1952 62x32=1984 63x32=2016 64x32=2048 65x32=2080 66x32=2112 67x32=2144 68x32=2176 69x32=2208 70x32=2240 71x32=2272 72x32=2304 73x32=2336 74x32=2368 75x32=2400 76x32=2432 77x32=2464 78x32=2496 79x32=2528 80x32=2560 81x32=2592 82x32=2624 83x32=2656 84x32=2688 85x32=2720 
1x33=33 2x33=66 3x33=99 4x33=132 5x33=165 6x33=198 7x33=231 8x33=264 9x33=297 10x33=330 11x33=363 12x33=396 13x33=429 14x33=462 15x33=495 16x33=528 17x33=561 18x33=594 19x33=627 20x33=660 21x33=693 22x33=726 23x33=759 24x33=792 25x33=825 26x33=858 27x33=891 28x33=924 29x33=957 30x33=990 31x33=1023 32x33=1056 33x33=1089 34x33=1122 35x33=1155 36x33=1188 37x33=1221 38x33=1254 39x33=1287 40x33=1320 41x33=1353 42x33=1386 43x33=1419 44x33=1452 45x33=1485 46x33=1518 47x33=1551 48x33=1584 49x33=1617 50x33=1650 51x33=1683 52x33=1716 53x33=1749 54x33=1782 55x33=1815 56x33=1848 57x33=1881 58x33=1914 59x33=1947 60x33=1980 61x33=2013 62x33=2046 63x33=2079 64x33=2112 65x33=2145 66x33=2178 67x33=2211 68x33=2244 69x33=2277 70x33=2310 71x33=2343 72x33=2376 73x33=2409 74x33=2442 75x33=2475 76x33=2508 77x33=2541 78x33=2574 79x33=2607 80x33=2640 81x33=2673 82x33=2706 83x33=2739 84x33=2772 85x33=2805 
1x34=34 2x34=68 3x34=102 4x34=136 5x34=170 6x34=204 7x34=238 8x34=272 9x34=306 10x34=340 11x34=374 12x34=408 13x34=442 14x34=476 15x34=510 16x34=544 17x34=578 18x34=612 19x34=646 20x34=680 21x34=714 22x34=748 23x34=782 24x34=816 25x34=850 26x34=884 27x34=918 28x34=952 29x34=986 30x34=1020 31x34=1054 32x34=1088 33x34=1122 34x34=1156 35x34=1190 36x34=1224 37x34=1258 38x34=1292 39x34=1326 40x34=1360 41x34=1394 42x34=1428 43x34=1462 44x34=1496 45x34=1530 46x34=1564 47x34=1598 48x34=1632 49x34=1666 50x34=1700 51x34=1734 52x34=1768 53x34=1802 54x34=1836 55x34=1870 56x34=1904 57x34=1938 58x34=1972 59x34=2006 60x34=2040 61x34=2074 62x34=2108 63x34=2142 64x34=2176 65x34=2210 66x34=2244 67x34=2278 68x34=2312 69x34=2346 70x34=2380 71x34=2414 72x34=2448 73x34=2482 74x34=2516 75x34=2550 76x34=2584 77x34=2618 78x34=2652 79x34=2686 80x34=2720 81x34=2754 82x34=2788 83x34=2822 84x34=2856 85x34=2890 
1x35=35 2x35=70 3x35=105 4x35=140 5x35=175 6x35=210 7x35=245 8x35=280 9x35=315 10x35=350 11x35=385 12x35=420 13x35=455 14x35=490 15x35=525 16x35=560 17x35=595 18x35=630 19x35=665 20x35=700 21x35=735 22x35=770 23x35=805 24x35=840 25x35=875 26x35=910 27x35=945 28x35=980 29x35=1015 30x35=1050 31x35=1085 32x35=1120 33x35=1155 34x35=1190 35x35=1225 36x35=1260 37x35=1295 38x35=1330 39x35=1365 40x35=1400 41x35=1435 42x35=1470 43x35=1505 44x35=1540 45x35=1575 46x35=1610 47x35=1645 48x35=1680 49x35=1715 50x35=1750 51x35=1785 52x35=1820 53x35=1855 54x35=1890 55x35=1925 56x35=1960 57x35=1995 58x35=2030 59x35=2065 60x35=2100 61x35=2135 62x35=2170 63x35=2205 64x35=2240 65x35=2275 66x35=2310 67x35=2345 68x35=2380 69x35=2415 70x35=2450 71x35=2485 72x35=2520 73x35=2555 74x35=2590 75x35=2625 76x35=2660 77x35=2695 78x35=2730 79x35=2765 80x35=2800 81x35=2835 82x35=2870 83x35=2905 84x35=2940 85x35=2975 
1x36=36 2x36=72 3x36=108 4x36=144 5x36=180 6x36=216 7x36=252 8x36=288 9x36=324 10x36=360 11x36=396 12x36=432 13x36=468 14x36=504 15x36=540 16x36=576 17x36=612 18x36=648 19x36=684 20x36=720 21x36=756 22x36=792 23x36=828 24x36=864 25x36=900 26x36=936 27x36=972 28x36=1008 29x36=1044 30x36=1080 31x36=1116 32x36=1152 33x36=1188 34x36=1224 35x36=1260 36x36=1296 37x36=1332 38x36=1368 39x36=1404 40x36=1440 41x36=1476 42x36=1512 43x36=1548 44x36=1584 45x36=1620 46x36=1656 47x36=1692 48x36=1728 49x36=1764 50x36=1800 51x36=1836 52x36=1872 53x36=1908 54x36=1944 55x36=1980 56x36=2016 57x36=2052 58x36=2088 59x36=2124 60x36=2160 61x36=2196 62x36=2232 63x36=2268 64x36=2304 65x36=2340 66x36=2376 67x36=2412 68x36=2448 69x36=2484 70x36=2520 71x36=2556 72x36=2592 73x36=2628 74x36=2664 75x36=2700 76x36=2736 77x36=2772 78x36=2808 79x36=2844 80x36=2880 81x36=2916 82x36=2952 83x36=2988 84x36=3024 85x36=3060 
1x37=37 2x37=74 3x37=111 4x37=148 5x37=185 6x37=222 7x37=259 8x37=296 9x37=333 10x37=370 11x37=407 12x37=444 13x37=481 14x37=518 15x37=555 16x37=592 17x37=629 18x37=666 19x37=703 20x37=740 21x37=777 22x37=814 23x37=851 24x37=888 25x37=925 26x37=962 27x37=999 28x37=1036 29x37=1073 30x37=1110 31x37=1147 32x37=1184 33x37=1221 34x37=1258 35x37=1295 36x37=1332 37x37=1369 38x37=1406 39x37=1443 40x37=1480 41x37=1517 42x37=1554 43x37=1591 44x37=1628 45x37=1665 46x37=1702 47x37=1739 48x37=1776 49x37=1813 50x37=1850 51x37=1887 52x37=1924 53x37=1961 54x37=1998 55x37=2035 56x37=2072 57x37=2109 58x37=2146 59x37=2183 60x37=2220 61x37=2257 62x37=2294 63x37=2331 64x37=2368 65x37=2405 66x37=2442 67x37=2479 68x37=2516 69x37=2553 70x37=2590 71x37=2627 72x37=2664 73x37=2701 74x37=2738 75x37=2775 76x37=2812 77x37=2849 78x37=2886 79x37=2923 80x37=2960 81x37=2997 82x37=3034 83x37=3071 84x37=3108 85x37=3145 
1x38=38 2x38=76 3x38=114 4x38=152 5x38=190 6x38=228 7x38=266 8x38=304 9x38=342 10x38=380 11x38=418 12x38=456 13x38=494 14x38=532 15x38=570 16x38=608 17x38=646 18x38=684 19x38=722 20x38=760 21x38=798 22x38=836 23x38=874 24x38=912 25x38=950 26x38=988 27x38=1026 28x38=1064 29x38=1102 30x38=1140 31x38=1178 32x38=1216 33x38=1254 34x38=1292 35x38=1330 36x38=1368 37x38=1406 38x38=1444 39x38=1482 40x38=1520 41x38=1558 42x38=1596 43x38=1634 44x38=1672 45x38=1710 46x38=1748 47x38=1786 48x38=1824 49x38=1862 50x38=1900 51x38=1938 52x38=1976 53x38=2014 54x38=2052 55x38=2090 56x38=2128 57x38=2166 58x38=2204 59x38=2242 60x38=2280 61x38=2318 62x38=2356 63x38=2394 64x38=2432 65x38=2470 66x38=2508 67x38=2546 68x38=2584 69x38=2622 70x38=2660 71x38=2698 72x38=2736 73x38=2774 74x38=2812 75x38=2850 76x38=2888 77x38=2926 78x38=2964 79x38=3002 80x38=3040 81x38=3078 82x38=3116 83x38=3154 84x38=3192 85x38=3230 
1x39=39 2x39=78 3x39=117 4x39=156 5x39=195 6x39=234 7x39=273 8x39=312 9x39=351 10x39=390 11x39=429 12x39=468 13x39=507 14x39=546 15x39=585 16x39=624 17x39=663 18x39=702 19x39=741 20x39=780 21x39=819 22x39=858 23x39=897 24x39=936 25x39=975 26x39=1014 27x39=1053 28x39=1092 29x39=1131 30x39=1170 31x39=1209 32x39=1248 33x39=1287 34x39=1326 35x39=1365 36x39=1404 37x39=1443 38x39=1482 39x39=1521 40x39=1560 41x39=1599 42x39=1638 43x39=1677 44x39=1716 45x39=1755 46x39=1794 47x39=1833 48x39=1872 49x39=1911 50x39=1950 51x39=1989 52x39=2028 53x39=2067 54x39=2106 55x39=2145 56x39=2184 57x39=2223 58x39=2262 59x39=2301 60x39=2340 61x39=2379 62x39=2418 63x39=2457 64x39=2496 65x39=2535 66x39=2574 67x39=2613 68x39=2652 69x39=2691 70x39=2730 71x39=2769 72x39=2808 73x39=2847 74x39=2886 75x39=2925 76x39=2964 77x39=3003 78x39=3042 79x39=3081 80x39=3120 81x39=3159 82x39=3198 83x39=3237 84x39=3276 85x39=3315 
1x40=40 2x40=80 3x40=120 4x40=160 5x40=200 6x40=240 7x40=280 8x40=320 9x40=360 10x40=400 11x40=440 12x40=480 13x40=520 14x40=560 15x40=600 16x40=640 17x40=680 18x40=720 19x40=760 20x40=800 21x40=840 22x40=880 23x40=920 24x40=960 25x40=1000 26x40=1040 27x40=1080 28x40=1120 29x40=1160 30x40=1200 31x40=1240 32x40=1280 33x40=1320 34x40=1360 35x40=1400 36x40=1440 37x40=1480 38x40=1520 39x40=1560 40x40=1600 41x40=1640 42x40=1680 43x40=1720 44x40=1760 45x40=1800 46x40=1840 47x40=1880 48x40=1920 49x40=1960 50x40=2000 51x40=2040 52x40=2080 53x40=2120 54x40=2160 55x40=2200 56x40=2240 57x40=2280 58x40=2320 59x40=2360 60x40=2400 61x40=2440 62x40=2480 63x40=2520 64x40=2560 65x40=2600 66x40=2640 67x40=2680 68x40=2720 69x40=2760 70x40=2800 71x40=2840 72x40=2880 73x40=2920 74x40=2960 75x40=3000 76x40=3040 77x40=3080 78x40=3120 79x40=3160 80x40=3200 81x40=3240 82x40=3280 83x40=3320 84x40=3360 85x40=3400 
1x41=41 2x41=82 3x41=123 4x41=164 5x41=205 6x41=246 7x41=287 8x41=328 9x41=369 10x41=410 11x41=451 12x41=492 13x41=533 14x41=574 15x41=615 16x41=656 17x41=697 18x41=738 19x41=779 20x41=820 21x41=861 22x41=902 23x41=943 24x41=984 25x41=1025 26x41=1066 27x41=1107 28x41=1148 29x41=1189 30x41=1230 31x41=1271 32x41=1312 33x41=1353 34x41=1394 35x41=1435 36x41=1476 37x41=1517 38x41=1558 39x41=1599 40x41=1640 41x41=1681 42x41=1722 43x41=1763 44x41=1804 45x41=1845 46x41=1886 47x41=1927 48x41=1968 49x41=2009 50x41=2050 51x41=2091 52x41=2132 53x41=2173 54x41=2214 55x41=2255 56x41=2296 57x41=2337 58x41=2378 59x41=2419 60x41=2460 61x41=2501 62x41=2542 63x41=2583 64x41=2624 65x41=2665 66x41=2706 67x41=2747 68x41=2788 69x41=2829 70x41=2870 71x41=2911 72x41=2952 73x41=2993 74x41=3034 75x41=3075 76x41=3116 77x41=3157 78x41=3198 79x41=3239 80x41=3280 81x41=3321 82x41=3362 83x41=3403 84x41=3444 85x41=3485 
1x42=42 2x42=84 3x42=126 4x42=168 5x42=210 6x42=252 7x42=294 8x42=336 9x42=378 10x42=420 11x42=462 12x42=504 13x42=546 14x42=588 15x42=630 16x42=672 17x42=714 18x42=756 19x42=798 20x42=840 21x42=882 22x42=924 23x42=966 24x42=1008 25x42=1050 26x42=1092 27x42=1134 28x42=1176 29x42=1218 30x42=1260 31x42=1302 32x42=1344 33x42=1386 34x42=1428 35x42=1470 36x42=1512 37x42=1554 38x42=1596 39x42=1638 40x42=1680 41x42=1722 42x42=1764 43x42=1806 44x42=1848 45x42=1890 46x42=1932 47x42=1974 48x42=2016 49x42=2058 50x42=2100 51x42=2142 52x42=2184 53x42=2226 54x42=2268 55x42=2310 56x42=2352 57x42=2394 58x42=2436 59x42=2478 60x42=2520 61x42=2562 62x42=2604 63x42=2646 64x42=2688 65x42=2730 66x42=2772 67x42=2814 68x42=2856 69x42=2898 70x42=2940 71x42=2982 72x42=3024 73x42=3066 74x42=3108 75x42=3150 76x42=3192 77x42=3234 78x42=3276 79x42=3318 80x42=3360 81x42=3402 82x42=3444 83x42=3486 84x42=3528 85x42=3570 
1x43=43 2x43=86 3x43=129 4x43=172 5x43=215 6x43=258 7x43=301 8x43=344 9x43=387 10x43=430 11x43=473 12x43=516 13x43=559 14x43=602 15x43=645 16x43=688 17x43=731 18x43=774 19x43=817 20x43=860 21x43=903 22x43=946 23x43=989 24x43=1032 25x43=1075 26x43=1118 27x43=1161 28x43=1204 29x43=1247 30x43=1290 31x43=1333 32x43=1376 33x43=1419 34x43=1462 35x43=1505 36x43=1548 37x43=1591 38x43=1634 39x43=1677 40x43=1720 41x43=1763 42x43=1806 43x43=1849 44x43=1892 45x43=1935 46x43=1978 47x43=2021 48x43=2064 49x43=2107 50x43=2150 51x43=2193 52x43=2236 53x43=2279 54x43=2322 55x43=2365 56x43=2408 57x43=2451 58x43=2494 59x43=2537 60x43=2580 61x43=2623 62x43=2666 63x43=2709 64x43=2752 65x43=2795 66x43=2838 67x43=2881 68x43=2924 69x43=2967 70x43=3010 71x43=3053 72x43=3096 73x43=3139 74x43=3182 75x43=3225 76x43=3268 77x43=3311 78x43=3354 79x43=3397 80x43=3440 81x43=3483 82x43=3526 83x43=3569 84x43=3612 85x43=3655 
1x44=44 2x44=88 3x44=132 4x44=176 5x44=220 6x44=264 7x44=308 8x44=352 9x44=396 10x44=440 11x44=484 12x44=528 13x44=572 14x44=616 15x44=660 16x44=704 17x44=748 18x44=792 19x44=836 20x44=880 21x44=924 22x44=968 23x44=1012 24x44=1056 25x44=1100 26x44=1144 27x44=1188 28x44=1232 29x44=1276 30x44=1320 31x44=1364 32x44=1408 33x44=1452 34x44=1496 35x44=1540 36x44=1584 37x44=1628 38x44=1672 39x44=1716 40x44=1760 41x44=1804 42x44=1848 43x44=1892 44x44=1936 45x44=1980 46x44=2024 47x44=2068 48x44=2112 49x44=2156 50x44=2200 51x44=2244 52x44=2288 53x44=2332 54x44=2376 55x44=2420 56x44=2464 57x44=2508 58x44=2552 59x44=2596 60x44=2640 61x44=2684 62x44=2728 63x44=2772 64x44=2816 65x44=2860 66x44=2904 67x44=2948 68x44=2992 69x44=3036 70x44=3080 71x44=3124 72x44=3168 73x44=3212 74x44=3256 75x44=3300 76x44=3344 77x44=3388 78x44=3432 79x44=3476 80x44=3520 81x44=3564 82x44=3608 83x44=3652 84x44=3696 85x44=3740 
1x45=45 2x45=90 3x45=135 4x45=180 5x45=225 6x45=270 7x45=315 8x45=360 9x45=405 10x45=450 11x45=495 12x45=540 13x45=585 14x45=630 15x45=675 16x45=720 17x45=765 18x45=810 19x45=855 20x45=900 21x45=945 22x45=990 23x45=1035 24x45=1080 25x45=1125 26x45=1170 27x45=1215 28x45=1260 29x45=1305 30x45=1350 31x45=1395 32x45=1440 33x45=1485 34x45=1530 35x45=1575 36x45=1620 37x45=1665 38x45=1710 39x45=1755 40x45=1800 41x45=1845 42x45=1890 43x45=1935 44x45=1980 45x45=2025 46x45=2070 47x45=2115 48x45=2160 49x45=2205 50x45=2250 51x45=2295 52x45=2340 53x45=2385 54x45=2430 55x45=2475 56x45=2520 57x45=2565 58x45=2610 59x45=2655 60x45=2700 61x45=2745 62x45=2790 63x45=2835 64x45=2880 65x45=2925 66x45=2970 67x45=3015 68x45=3060 69x45=3105 70x45=3150 71x45=3195 72x45=3240 73x45=3285 74x45=3330 75x45=3375 76x45=3420 77x45=3465 78x45=3510 79x45=3555 80x45=3600 81x45=3645 82x45=3690 83x45=3735 84x45=3780 85x45=3825 
1x46=46 2x46=92 3x46=138 4x46=184 5x46=230 6x46=276 7x46=322 8x46=368 9x46=414 10x46=460 11x46=506 12x46=552 13x46=598 14x46=644 15x46=690 16x46=736 17x46=782 18x46=828 19x46=874 20x46=920 21x46=966 22x46=1012 23x46=1058 24x46=1104 25x46=1150 26x46=1196 27x46=1242 28x46=1288 29x46=1334 30x46=1380 31x46=1426 32x46=1472 33x46=1518 34x46=1564 35x46=1610 36x46=1656 37x46=1702 38x46=1748 39x46=1794 40x46=1840 41x46=1886 42x46=1932 43x46=1978 44x46=2024 45x46=2070 46x46=2116 47x46=2162 48x46=2208 49x46=2254 50x46=2300 51x46=2346 52x46=2392 53x46=2438 54x46=2484 55x46=2530 56x46=2576 57x46=2622 58x46=2668 59x46=2714 60x46=2760 61x46=2806 62x46=2852 63x46=2898 64x46=2944 65x46=2990 66x46=3036 67x46=3082 68x46=3128 69x46=3174 70x46=3220 71x46=3266 72x46=3312 73x46=3358 74x46=3404 75x46=3450 76x46=3496 77x46=3542 78x46=3588 79x46=3634 80x46=3680 81x46=3726 82x46=3772 83x46=3818 84x46=3864 85x46=3910 
