1x1=1 2x1=2 3x1=3 4x1=4 5x1=5 6x1=6 7x1=7 8x1=8 9x1=9 10x1=10 11x1=11 12x1=12 13x1=13 14x1=14 15x1=15 16x1=16 17x1=17 18x1=18 19x1=19 20x1=20 21x1=21 22x1=22 23x1=23 24x1=24 25x1=25 26x1=26 27x1=27 28x1=28 29x1=29 30x1=30 31x1=31 32x1=32 33x1=33 34x1=34 35x1=35 36x1=36 37x1=37 
1x2=2 2x2=4 3x2=6 4x2=8 5x2=10 6x2=12 7x2=14 8x2=16 9x2=18 10x2=20 11x2=22 12x2=24 13x2=26 14x2=28 15x2=30 16x2=32 17x2=34 18x2=36 19x2=38 20x2=40 21x2=42 22x2=44 23x2=46 24x2=48 25x2=50 26x2=52 27x2=54 28x2=56 29x2=58 30x2=60 31x2=62 32x2=64 33x2=66 34x2=68 35x2=70 36x2=72 37x2=74 
1x3=3 2x3=6 3x3=9 4x3=12 5x3=15 6x3=18 7x3=21 8x3=24 9x3=27 10x3=30 11x3=33 12x3=36 13x3=39 14x3=42 15x3=45 16x3=48 17x3=51 18x3=54 19x3=57 20x3=60 21x3=63 22x3=66 23x3=69 24x3=72 25x3=75 26x3=78 27x3=81 28x3=84 29x3=87 30x3=90 31x3=93 32x3=96 33x3=99 34x3=102 35x3=105 36x3=108 37x3=111 
1x4=4 2x4=8 3x4=12 4x4=16 5x4=20 6x4=24 7x4=28 8x4=32 9x4=36 10x4=40 11x4=44 12x4=48 13x4=52 14x4=56 15x4=60 16x4=64 17x4=68 18x4=72 19x4=76 20x4=80 21x4=84 22x4=88 23x4=92 24x4=96 25x4=100 26x4=104 27x4=108 28x4=112 29x4=116 30x4=120 31x4=124 32x4=128 33x4=132 34x4=136 35x4=140 36x4=144 37x4=148 
1x5=5 2x5=10 3x5=15 4x5=20 5x5=25 6x5=30 7x5=35 8x5=40 9x5=45 10x5=50 11x5=55 12x5=60 13x5=65 14x5=70 15x5=75 16x5=80 17x5=85 18x5=90 19x5=95 20x5=100 21x5=105 22x5=110 23x5=115 24x5=120 25x5=125 26x5=130 27x5=135 28x5=140 29x5=145 30x5=150 31x5=155 32x5=160 33x5=165 34x5=170 35x5=175 36x5=180 37x5=185 
1x6=6 2x6=12 3x6=18 4x6=24 5x6=30 6x6=36 7x6=42 8x6=48 9x6=54 10x6=60 11x6=66 12x6=72 13x6=78 14x6=84 15x6=90 16x6=96 17x6=102 18x6=108 19x6=114 20x6=120 21x6=126 22x6=132 23x6=138 24x6=144 25x6=150 26x6=156 27x6=162 28x6=168 29x6=174 30x6=180 31x6=186 32x6=192 33x6=198 34x6=204 35x6=210 36x6=216 37x6=222 
1x7=7 2x7=14 3x7=21 4x7=28 5x7=35 6x7=42 7x7=49 8x7=56 9x7=63 10x7=70 11x7=77 12x7=84 13x7=91 14x7=98 15x7=105 16x7=112 17x7=119 18x7=126 19x7=133 20x7=140 21x7=147 22x7=154 23x7=161 24x7=168 25x7=175 26x7=182 27x7=189 28x7=196 29x7=203 30x7=210 31x7=217 32x7=224 33x7=231 34x7=238 35x7=245 36x7=252 37x7=259 
1x8=8 2x8=16 3x8=24 4x8=32 5x8=40 6x8=48 7x8=56 8x8=64 9x8=72 10x8=80 11x8=88 12x8=96 13x8=104 14x8=112 15x8=120 16x8=128 17x8=136 18x8=144 19x8=152 20x8=160 21x8=168 22x8=176 23x8=184 24x8=192 25x8=200 26x8=208 27x8=216 28x8=224 29x8=232 30x8=240 31x8=248 32x8=256 33x8=264 34x8=272 35x8=280 36x8=288 37x8=296 
1x9=9 2x9=18 3x9=27 4x9=36 5x9=45 6x9=54 7x9=63 8x9=72 9x9=81 10x9=90 11x9=99 12x9=108 13x9=117 14x9=126 15x9=135 16x9=144 17x9=153 18x9=162 19x9=171 20x9=180 21x9=189 22x9=198 23x9=207 24x9=216 25x9=225 26x9=234 27x9=243 28x9=252 29x9=261 30x9=270 31x9=279 32x9=288 33x9=297 34x9=306 35x9=315 36x9=324 37x9=333 
1x10=10 2x10=20 3x10=30 4x10=40 5x10=50 6x10=60 7x10=70 8x10=80 9x10=90 10x10=100 11x10=110 12x10=120 13x10=130 14x10=140 15x10=150 16x10=160 17x10=170 18x10=180 19x10=190 20x10=200 21x10=210 22x10=220 23x10=230 24x10=240 25x10=250 26x10=260 27x10=270 28x10=280 29x10=290 30x10=300 31x10=310 32x10=320 33x10=330 34x10=340 35x10=350 36x10=360 37x10=370 
1x11=11 2x11=22 3x11=33 4x11=44 5x11=55 6x11=66 7x11=77 8x11=88 9x11=99 10x11=110 11x11=121 12x11=132 13x11=143 14x11=154 15x11=165 16x11=176 17x11=187 18x11=198 19x11=209 20x11=220 21x11=231 22x11=242 23x11=253 24x11=264 25x11=275 26x11=286 27x11=297 28x11=308 29x11=319 30x11=330 31x11=341 32x11=352 33x11=363 34x11=374 35x11=385 36x11=396 37x11=407 
1x12=12 2x12=24 3x12=36 4x12=48 5x12=60 6x12=72 7x12=84 8x12=96 9x12=108 10x12=120 11x12=132 12x12=144 13x12=156 14x12=168 15x12=180 16x12=192 17x12=204 18x12=216 19x12=228 20x12=240 21x12=252 22x12=264 23x12=276 24x12=288 25x12=300 26x12=312 27x12=324 28x12=336 29x12=348 30x12=360 31x12=372 32x12=384 33x12=396 34x12=408 35x12=420 36x12=432 37x12=444 
1x13=13 2x13=26 3x13=39 4x13=52 5x13=65 6x13=78 7x13=91 8x13=104 9x13=117 10x13=130 11x13=143 12x13=156 13x13=169 14x13=182 15x13=195 16x13=208 17x13=221 18x13=234 19x13=247 20x13=260 21x13=273 22x13=286 23x13=299 24x13=312 25x13=325 26x13=338 27x13=351 28x13=364 29x13=377 30x13=390 31x13=403 32x13=416 33x13=429 34x13=442 35x13=455 36x13=468 37x13=481 
1x14=14 2x14=28 3x14=42 4x14=56 5x14=70 6x14=84 7x14=98 8x14=112 9x14=126 10x14=140 11x14=154 12x14=168 13x14=182 14x14=196 15x14=210 16x14=224 17x14=238 18x14=252 19x14=266 20x14=280 21x14=294 22x14=308 23x14=322 24x14=336 25x14=350 26x14=364 27x14=378 28x14=392 29x14=406 30x14=420 31x14=434 32x14=448 33x14=462 34x14=476 35x14=490 36x14=504 37x14=518 
1x15=15 2x15=30 3x15=45 4x15=60 5x15=75 6x15=90 7x15=105 8x15=120 9x15=135 10x15=150 11x15=165 12x15=180 13x15=195 14x15=210 15x15=225 16x15=240 17x15=255 18x15=270 19x15=285 20x15=300 21x15=315 22x15=330 23x15=345 24x15=360 25x15=375 26x15=390 27x15=405 28x15=420 29x15=435 30x15=450 31x15=465 32x15=480 33x15=495 34x15=510 35x15=525 36x15=540 37x15=555 
1x16=16 2x16=32 3x16=48 4x16=64 5x16=80 6x16=96 7x16=112 8x16=128 9x16=144 10x16=160 11x16=176 12x16=192 13x16=208 14x16=224 15x16=240 16x16=256 17x16=272 18x16=288 19x16=304 20x16=320 21x16=336 22x16=352 23x16=368 24x16=384 25x16=400 26x16=416 27x16=432 28x16=448 29x16=464 30x16=480 31x16=496 32x16=512 33x16=528 34x16=544 35x16=560 36x16=576 37x16=592 
1x17=17 2x17=34 3x17=51 4x17=68 5x17=85 6x17=102 7x17=119 8x17=136 9x17=153 10x17=170 11x17=187 12x17=204 13x17=221 14x17=238 15x17=255 16x17=272 17x17=289 18x17=306 19x17=323 20x17=340 21x17=357 22x17=374 23x17=391 24x17=408 25x17=425 26x17=442 27x17=459 28x17=476 29x17=493 30x17=510 31x17=527 32x17=544 33x17=561 34x17=578 35x17=595 36x17=612 37x17=629 
1x18=18 2x18=36 3x18=54 4x18=72 5x18=90 6x18=108 7x18=126 8x18=144 9x18=162 10x18=180 11x18=198 12x18=216 13x18=234 14x18=252 15x18=270 16x18=288 17x18=306 18x18=324 19x18=342 20x18=360 21x18=378 22x18=396 23x18=414 24x18=432 25x18=450 26x18=468 27x18=486 28x18=504 29x18=522 30x18=540 31x18=558 32x18=576 33x18=594 34x18=612 35x18=630 36x18=648 37x18=666 
1x19=19 2x19=38 3x19=57 4x19=76 5x19=95 6x19=114 7x19=133 8x19=152 9x19=171 10x19=190 11x19=209 12x19=228 13x19=247 14x19=266 15x19=285 16x19=304 17x19=323 18x19=342 19x19=361 20x19=380 21x19=399 22x19=418 23x19=437 24x19=456 25x19=475 26x19=494 27x19=513 28x19=532 29x19=551 30x19=570 31x19=589 32x19=608 33x19=627 34x19=646 35x19=665 36x19=684 37x19=703 
1x20=20 2x20=40 3x20=60 4x20=80 5x20=100 6x20=120 7x20=140 8x20=160 9x20=180 10x20=200 11x20=220 12x20=240 13x20=260 14x20=280 15x20=300 16x20=320 17x20=340 18x20=360 19x20=380 20x20=400 21x20=420 22x20=440 23x20=460 24x20=480 25x20=500 26x20=520 27x20=540 28x20=560 29x20=580 30x20=600 31x20=620 32x20=640 33x20=660 34x20=680 35x20=700 36x20=720 37x20=740 
1x21=21 2x21=42 3x21=63 4x21=84 5x21=105 6x21=126 7x21=147 8x21=168 9x21=189 10x21=210 11x21=231 12x21=252 13x21=273 14x21=294 15x21=315 16x21=336 17x21=357 18x21=378 19x21=399 20x21=420 21x21=441 22x21=462 23x21=483 24x21=504 25x21=525 26x21=546 27x21=567 28x21=588 29x21=609 30x21=630 31x21=651 32x21=672 33x21=693 34x21=714 35x21=735 36x21=756 37x21=777 
1x22=22 2x22=44 3x22=66 4x22=88 5x22=110 6x22=132 7x22=154 8x22=176 9x22=198 10x22=220 11x22=242 12x22=264 13x22=286 14x22=308 15x22=330 16x22=352 17x22=374 18x22=396 19x22=418 20x22=440 21x22=462 22x22=484 23x22=506 24x22=528 25x22=550 26x22=572 27x22=594 28x22=616 29x22=638 30x22=660 31x22=682 32x22=704 33x22=726 34x22=748 35x22=770 36x22=792 37x22=814 
1x23=23 2x23=46 3x23=69 4x23=92 5x23=115 6x23=138 7x23=161 8x23=184 9x23=207 10x23=230 11x23=253 12x23=276 13x23=299 14x23=322 15x23=345 16x23=368 17x23=391 18x23=414 19x23=437 20x23=460 21x23=483 22x23=506 23x23=529 24x23=552 25x23=575 26x23=598 27x23=621 28x23=644 29x23=667 30x23=690 31x23=713 32x23=736 33x23=759 34x23=782 35x23=805 36x23=828 37x23=851 
1x24=24 2x24=48 3x24=72 4x24=96 5x24=120 6x24=144 7x24=168 8x24=192 9x24=216 10x24=240 11x24=264 12x24=288 13x24=312 14x24=336 15x24=360 16x24=384 17x24=408 18x24=432 19x24=456 20x24=480 21x24=504 22x24=528 23x24=552 24x24=576 25x24=600 26x24=624 27x24=648 28x24=672 29x24=696 30x24=720 31x24=744 32x24=768 33x24=792 34x24=816 35x24=840 36x24=864 37x24=888 
1x25=25 2x25=50 3x25=75 4x25=100 5x25=125 6x25=150 7x25=175 8x25=200 9x25=225 10x25=250 11x25=275 12x25=300 13x25=325 14x25=350 15x25=375 16x25=400 17x25=425 18x25=450 19x25=475 20x25=500 21x25=525 22x25=550 23x25=575 24x25=600 25x25=625 26x25=650 27x25=675 28x25=700 29x25=725 30x25=750 31x25=775 32x25=800 33x25=825 34x25=850 35x25=875 36x25=900 37x25=925 
1x26=26 2x26=52 3x26=78 4x26=104 5x26=130 6x26=156 7x26=182 8x26=208 9x26=234 10x26=260 11x26=286 12x26=312 13x26=338 14x26=364 15x26=390 16x26=416 17x26=442 18x26=468 19x26=494 20x26=520 21x26=546 22x26=572 23x26=598 24x26=624 25x26=650 26x26=676 27x26=702 28x26=728 29x26=754 30x26=780 31x26=806 32x26=832 33x26=858 34x26=884 35x26=910 36x26=936 37x26=962 
1x27=27 2x27=54 3x27=81 4x27=108 5x27=135 6x27=162 7x27=189 8x27=216 9x27=243 10x27=270 11x27=297 12x27=324 13x27=351 14x27=378 15x27=405 16x27=432 17x27=459 18x27=486 19x27=513 20x27=540 21x27=567 22x27=594 23x27=621 24x27=648 25x27=675 26x27=702 27x27=729 28x27=756 29x27=783 30x27=810 31x27=837 32x27=864 33x27=891 34x27=918 35x27=945 36x27=972 37x27=999 
1x28=28 2x28=56 3x28=84 4x28=112 5x28=140 6x28=168 7x28=196 8x28=224 9x28=252 10x28=280 11x28=308 12x28=336 13x28=364 14x28=392 15x28=420 16x28=448 17x28=476 18x28=504 19x28=532 20x28=560 21x28=588 22x28=616 23x28=644 24x28=672 25x28=700 26x28=728 27x28=756 28x28=784 29x28=812 30x28=840 31x28=868 32x28=896 33x28=924 34x28=952 35x28=980 36x28=1008 37x28=1036 
1x29=29 2x29=58 3x29=87 4x29=116 5x29=145 6x29=174 7x29=203 8x29=232 9x29=261 10x29=290 11x29=319 12x29=348 13x29=377 14x29=406 15x29=435 16x29=464 17x29=493 18x29=522 19x29=551 20x29=580 21x29=609 22x29=638 23x29=667 24x29=696 25x29=725 26x29=754 27x29=783 28x29=812 29x29=841 30x29=870 31x29=899 32x29=928 33x29=957 34x29=986 35x29=1015 36x29=1044 37x29=1073 
1x30=30 2x30=60 3x30=90 4x30=120 5x30=150 6x30=180 7x30=210 8x30=240 9x30=270 10x30=300 11x30=330 12x30=360 13x30=390 14x30=420 15x30=450 16x30=480 17x30=510 18x30=540 19x30=570 20x30=600 21x30=630 22x30=660 23x30=690 24x30=720 25x30=750 26x30=780 27x30=810 28x30=840 29x30=870 30x30=900 31x30=930 32x30=960 33x30=990 34x30=1020 35x30=1050 36x30=1080 37x30=1110 
1x31=31 2x31=62 3x31=93 4x31=124 5x31=155 6x31=186 7x31=217 8x31=248 9x31=279 10x31=310 11x31=341 12x31=372 13x31=403 14x31=434 15x31=465 16x31=496 17x31=527 18x31=558 19x31=589 20x31=620 21x31=651 22x31=682 23x31=713 24x31=744 25x31=775 26x31=806 27x31=837 28x31=868 29x31=899 30x31=930 31x31=961 32x31=992 33x31=1023 34x31=1054 35x31=1085 36x31=1116 37x31=1147 
1x32=32 2x32=64 3x32=96 4x32=128 5x32=160 6x32=192 7x32=224 8x32=256 9x32=288 10x32=320 11x32=352 12x32=384 13x32=416 14x32=448 15x32=480 16x32=512 17x32=544 18x32=576 19x32=608 20x32=640 21x32=672 22x32=704 23x32=736 24x32=768 25x32=800 26x32=832 27x32=864 28x32=896 29x32=928 30x32=960 31x32=992 32x32=1024 33x32=1056 34x32=1088 35x32=1120 36x32=1152 37x32=1184 
1x33=33 2x33=66 3x33=99 4x33=132 5x33=165 6x33=198 7x33=231 8x33=264 9x33=297 10x33=330 11x33=363 12x33=396 13x33=429 14x33=462 15x33=495 16x33=528 17x33=561 18x33=594 19x33=627 20x33=660 21x33=693 22x33=726 23x33=759 24x33=792 25x33=825 26x33=858 27x33=891 28x33=924 29x33=957 30x33=990 31x33=1023 32x33=1056 33x33=1089 34x33=1122 35x33=1155 36x33=1188 37x33=1221 
1x34=34 2x34=68 3x34=102 4x34=136 5x34=170 6x34=204 7x34=238 8x34=272 9x34=306 10x34=340 11x34=374 12x34=408 13x34=442 14x34=476 15x34=510 16x34=544 17x34=578 18x34=612 19x34=646 20x34=680 21x34=714 22x34=748 23x34=782 24x34=816 25x34=850 26x34=884 27x34=918 28x34=952 29x34=986 30x34=1020 31x34=1054 32x34=1088 33x34=1122 34x34=1156 35x34=1190 36x34=1224 37x34=1258 
1x35=35 2x35=70 3x35=105 4x35=140 5x35=175 6x35=210 7x35=245 8x35=280 9x35=315 10x35=350 11x35=385 12x35=420 13x35=455 14x35=490 15x35=525 16x35=560 17x35=595 18x35=630 19x35=665 20x35=700 21x35=735 22x35=770 23x35=805 24x35=840 25x35=875 26x35=910 27x35=945 28x35=980 29x35=1015 30x35=1050 31x35=1085 32x35=1120 33x35=1155 34x35=1190 35x35=1225 36x35=1260 37x35=1295 
1x36=36 2x36=72 3x36=108 4x36=144 5x36=180 6x36=216 7x36=252 8x36=288 9x36=324 10x36=360 11x36=396 12x36=432 13x36=468 14x36=504 15x36=540 16x36=576 17x36=612 18x36=648 19x36=684 20x36=720 21x36=756 22x36=792 23x36=828 24x36=864 25x36=900 26x36=936 27x36=972 28x36=1008 29x36=1044 30x36=1080 31x36=1116 32x36=1152 33x36=1188 34x36=1224 35x36=1260 36x36=1296 37x36=1332 
1x37=37 2x37=74 3x37=111 4x37=148 5x37=185 6x37=222 7x37=259 8x37=296 9x37=333 10x37=370 11x37=407 12x37=444 13x37=481 14x37=518 15x37=555 16x37=592 17x37=629 18x37=666 19x37=703 20x37=740 21x37=777 22x37=814 23x37=851 24x37=888 25x37=925 26x37=962 27x37=999 28x37=1036 29x37=1073 30x37=1110 31x37=1147 32x37=1184 33x37=1221 34x37=1258 35x37=1295 36x37=1332 37x37=1369 
