1x1=1 2x1=2 3x1=3 4x1=4 5x1=5 6x1=6 7x1=7 8x1=8 9x1=9 10x1=10 11x1=11 12x1=12 13x1=13 14x1=14 15x1=15 16x1=16 17x1=17 18x1=18 19x1=19 20x1=20 21x1=21 22x1=22 23x1=23 24x1=24 25x1=25 26x1=26 27x1=27 28x1=28 29x1=29 30x1=30 31x1=31 32x1=32 33x1=33 34x1=34 35x1=35 36x1=36 37x1=37 38x1=38 39x1=39 40x1=40 41x1=41 42x1=42 43x1=43 44x1=44 45x1=45 46x1=46 47x1=47 48x1=48 49x1=49 50x1=50 51x1=51 52x1=52 53x1=53 54x1=54 55x1=55 56x1=56 57x1=57 
1x2=2 2x2=4 3x2=6 4x2=8 5x2=10 6x2=12 7x2=14 8x2=16 9x2=18 10x2=20 11x2=22 12x2=24 13x2=26 14x2=28 15x2=30 16x2=32 17x2=34 18x2=36 19x2=38 20x2=40 21x2=42 22x2=44 23x2=46 24x2=48 25x2=50 26x2=52 27x2=54 28x2=56 29x2=58 30x2=60 31x2=62 32x2=64 33x2=66 34x2=68 35x2=70 36x2=72 37x2=74 38x2=76 39x2=78 40x2=80 41x2=82 42x2=84 43x2=86 44x2=88 45x2=90 46x2=92 47x2=94 48x2=96 49x2=98 50x2=100 51x2=102 52x2=104 53x2=106 54x2=108 55x2=110 56x2=112 57x2=114 
1x3=3 2x3=6 3x3=9 4x3=12 5x3=15 6x3=18 7x3=21 8x3=24 9x3=27 10x3=30 11x3=33 12x3=36 13x3=39 14x3=42 15x3=45 16x3=48 17x3=51 18x3=54 19x3=57 20x3=60 21x3=63 22x3=66 23x3=69 24x3=72 25x3=75 26x3=78 27x3=81 28x3=84 29x3=87 30x3=90 31x3=93 32x3=96 33x3=99 34x3=102 35x3=105 36x3=108 37x3=111 38x3=114 39x3=117 40x3=120 41x3=123 42x3=126 43x3=129 44x3=132 45x3=135 46x3=138 47x3=141 48x3=144 49x3=147 50x3=150 51x3=153 52x3=156 53x3=159 54x3=162 55x3=165 56x3=168 57x3=171 
1x4=4 2x4=8 3x4=12 4x4=16 5x4=20 6x4=24 7x4=28 8x4=32 9x4=36 10x4=40 11x4=44 12x4=48 13x4=52 14x4=56 15x4=60 16x4=64 17x4=68 18x4=72 19x4=76 20x4=80 21x4=84 22x4=88 23x4=92 24x4=96 25x4=100 26x4=104 27x4=108 28x4=112 29x4=116 30x4=120 31x4=124 32x4=128 33x4=132 34x4=136 35x4=140 36x4=144 37x4=148 38x4=152 39x4=156 40x4=160 41x4=164 42x4=168 43x4=172 44x4=176 45x4=180 46x4=184 47x4=188 48x4=192 49x4=196 50x4=200 51x4=204 52x4=208 53x4=212 54x4=216 55x4=220 56x4=224 57x4=228 
1x5=5 2x5=10 3x5=15 4x5=20 5x5=25 6x5=30 7x5=35 8x5=40 9x5=45 10x5=50 11x5=55 12x5=60 13x5=65 14x5=70 15x5=75 16x5=80 17x5=85 18x5=90 19x5=95 20x5=100 21x5=105 22x5=110 23x5=115 24x5=120 25x5=125 26x5=130 27x5=135 28x5=140 29x5=145 30x5=150 31x5=155 32x5=160 33x5=165 34x5=170 35x5=175 36x5=180 37x5=185 38x5=190 39x5=195 40x5=200 41x5=205 42x5=210 43x5=215 44x5=220 45x5=225 46x5=230 47x5=235 48x5=240 49x5=245 50x5=250 51x5=255 52x5=260 53x5=265 54x5=270 55x5=275 56x5=280 57x5=285 
1x6=6 2x6=12 3x6=18 4x6=24 5x6=30 6x6=36 7x6=42 8x6=48 9x6=54 10x6=60 11x6=66 12x6=72 13x6=78 14x6=84 15x6=90 16x6=96 17x6=102 18x6=108 19x6=114 20x6=120 21x6=126 22x6=132 23x6=138 24x6=144 25x6=150 26x6=156 27x6=162 28x6=168 29x6=174 30x6=180 31x6=186 32x6=192 33x6=198 34x6=204 35x6=210 36x6=216 37x6=222 38x6=228 39x6=234 40x6=240 41x6=246 42x6=252 43x6=258 44x6=264 45x6=270 46x6=276 47x6=282 48x6=288 49x6=294 50x6=300 51x6=306 52x6=312 53x6=318 54x6=324 55x6=330 56x6=336 57x6=342 
1x7=7 2x7=14 3x7=21 4x7=28 5x7=35 6x7=42 7x7=49 8x7=56 9x7=63 10x7=70 11x7=77 12x7=84 13x7=91 14x7=98 15x7=105 16x7=112 17x7=119 18x7=126 19x7=133 20x7=140 21x7=147 22x7=154 23x7=161 24x7=168 25x7=175 26x7=182 27x7=189 28x7=196 29x7=203 30x7=210 31x7=217 32x7=224 33x7=231 34x7=238 35x7=245 36x7=252 37x7=259 38x7=266 39x7=273 40x7=280 41x7=287 42x7=294 43x7=301 44x7=308 45x7=315 46x7=322 47x7=329 48x7=336 49x7=343 50x7=350 51x7=357 52x7=364 53x7=371 54x7=378 55x7=385 56x7=392 57x7=399 
1x8=8 2x8=16 3x8=24 4x8=32 5x8=40 6x8=48 7x8=56 8x8=64 9x8=72 10x8=80 11x8=88 12x8=96 13x8=104 14x8=112 15x8=120 16x8=128 17x8=136 18x8=144 19x8=152 20x8=160 21x8=168 22x8=176 23x8=184 24x8=192 25x8=200 26x8=208 27x8=216 28x8=224 29x8=232 30x8=240 31x8=248 32x8=256 33x8=264 34x8=272 35x8=280 36x8=288 37x8=296 38x8=304 39x8=312 40x8=320 41x8=328 42x8=336 43x8=344 44x8=352 45x8=360 46x8=368 47x8=376 48x8=384 49x8=392 50x8=400 51x8=408 52x8=416 53x8=424 54x8=432 55x8=440 56x8=448 57x8=456 
1x9=9 2x9=18 3x9=27 4x9=36 5x9=45 6x9=54 7x9=63 8x9=72 9x9=81 10x9=90 11x9=99 12x9=108 13x9=117 14x9=126 15x9=135 16x9=144 17x9=153 18x9=162 19x9=171 20x9=180 21x9=189 22x9=198 23x9=207 24x9=216 25x9=225 26x9=234 27x9=243 28x9=252 29x9=261 30x9=270 31x9=279 32x9=288 33x9=297 34x9=306 35x9=315 36x9=324 37x9=333 38x9=342 39x9=351 40x9=360 41x9=369 42x9=378 43x9=387 44x9=396 45x9=405 46x9=414 47x9=423 48x9=432 49x9=441 50x9=450 51x9=459 52x9=468 53x9=477 54x9=486 55x9=495 56x9=504 57x9=513 
1x10=10 2x10=20 3x10=30 4x10=40 5x10=50 6x10=60 7x10=70 8x10=80 9x10=90 10x10=100 11x10=110 12x10=120 13x10=130 14x10=140 15x10=150 16x10=160 17x10=170 18x10=180 19x10=190 20x10=200 21x10=210 22x10=220 23x10=230 24x10=240 25x10=250 26x10=260 27x10=270 28x10=280 29x10=290 30x10=300 31x10=310 32x10=320 33x10=330 34x10=340 35x10=350 36x10=360 37x10=370 38x10=380 39x10=390 40x10=400 41x10=410 42x10=420 43x10=430 44x10=440 45x10=450 46x10=460 47x10=470 48x10=480 49x10=490 50x10=500 51x10=510 52x10=520 53x10=530 54x10=540 55x10=550 56x10=560 57x10=570 
1x11=11 2x11=22 3x11=33 4x11=44 5x11=55 6x11=66 7x11=77 8x11=88 9x11=99 10x11=110 11x11=121 12x11=132 13x11=143 14x11=154 15x11=165 16x11=176 17x11=187 18x11=198 19x11=209 20x11=220 21x11=231 22x11=242 23x11=253 24x11=264 25x11=275 26x11=286 27x11=297 28x11=308 29x11=319 30x11=330 31x11=341 32x11=352 33x11=363 34x11=374 35x11=385 36x11=396 37x11=407 38x11=418 39x11=429 40x11=440 41x11=451 42x11=462 43x11=473 44x11=484 45x11=495 46x11=506 47x11=517 48x11=528 49x11=539 50x11=550 51x11=561 52x11=572 53x11=583 54x11=594 55x11=605 56x11=616 57x11=627 
1x12=12 2x12=24 3x12=36 4x12=48 5x12=60 6x12=72 7x12=84 8x12=96 9x12=108 10x12=120 11x12=132 12x12=144 13x12=156 14x12=168 15x12=180 16x12=192 17x12=204 18x12=216 19x12=228 20x12=240 21x12=252 22x12=264 23x12=276 24x12=288 25x12=300 26x12=312 27x12=324 28x12=336 29x12=348 30x12=360 31x12=372 32x12=384 33x12=396 34x12=408 35x12=420 36x12=432 37x12=444 38x12=456 39x12=468 40x12=480 41x12=492 42x12=504 43x12=516 44x12=528 45x12=540 46x12=552 47x12=564 48x12=576 49x12=588 50x12=600 51x12=612 52x12=624 53x12=636 54x12=648 55x12=660 56x12=672 57x12=684 
1x13=13 2x13=26 3x13=39 4x13=52 5x13=65 6x13=78 7x13=91 8x13=104 9x13=117 10x13=130 11x13=143 12x13=156 13x13=169 14x13=182 15x13=195 16x13=208 17x13=221 18x13=234 19x13=247 20x13=260 21x13=273 22x13=286 23x13=299 24x13=312 25x13=325 26x13=338 27x13=351 28x13=364 29x13=377 30x13=390 31x13=403 32x13=416 33x13=429 34x13=442 35x13=455 36x13=468 37x13=481 38x13=494 39x13=507 40x13=520 41x13=533 42x13=546 43x13=559 44x13=572 45x13=585 46x13=598 47x13=611 48x13=624 49x13=637 50x13=650 51x13=663 52x13=676 53x13=689 54x13=702 55x13=715 56x13=728 57x13=741 
1x14=14 2x14=28 3x14=42 4x14=56 5x14=70 6x14=84 7x14=98 8x14=112 9x14=126 10x14=140 11x14=154 12x14=168 13x14=182 14x14=196 15x14=210 16x14=224 17x14=238 18x14=252 19x14=266 20x14=280 21x14=294 22x14=308 23x14=322 24x14=336 25x14=350 26x14=364 27x14=378 28x14=392 29x14=406 30x14=420 31x14=434 32x14=448 33x14=462 34x14=476 35x14=490 36x14=504 37x14=518 38x14=532 39x14=546 40x14=560 41x14=574 42x14=588 43x14=602 44x14=616 45x14=630 46x14=644 47x14=658 48x14=672 49x14=686 50x14=700 51x14=714 52x14=728 53x14=742 54x14=756 55x14=770 56x14=784 57x14=798 
1x15=15 2x15=30 3x15=45 4x15=60 5x15=75 6x15=90 7x15=105 8x15=120 9x15=135 10x15=150 11x15=165 12x15=180 13x15=195 14x15=210 15x15=225 16x15=240 17x15=255 18x15=270 19x15=285 20x15=300 21x15=315 22x15=330 23x15=345 24x15=360 25x15=375 26x15=390 27x15=405 28x15=420 29x15=435 30x15=450 31x15=465 32x15=480 33x15=495 34x15=510 35x15=525 36x15=540 37x15=555 38x15=570 39x15=585 40x15=600 41x15=615 42x15=630 43x15=645 44x15=660 45x15=675 46x15=690 47x15=705 48x15=720 49x15=735 50x15=750 51x15=765 52x15=780 53x15=795 54x15=810 55x15=825 56x15=840 57x15=855 
1x16=16 2x16=32 3x16=48 4x16=64 5x16=80 6x16=96 7x16=112 8x16=128 9x16=144 10x16=160 11x16=176 12x16=192 13x16=208 14x16=224 15x16=240 16x16=256 17x16=272 18x16=288 19x16=304 20x16=320 21x16=336 22x16=352 23x16=368 24x16=384 25x16=400 26x16=416 27x16=432 28x16=448 29x16=464 30x16=480 31x16=496 32x16=512 33x16=528 34x16=544 35x16=560 36x16=576 37x16=592 38x16=608 39x16=624 40x16=640 41x16=656 42x16=672 43x16=688 44x16=704 45x16=720 46x16=736 47x16=752 48x16=768 49x16=784 50x16=800 51x16=816 52x16=832 53x16=848 54x16=864 55x16=880 56x16=896 57x16=912 
1x17=17 2x17=34 3x17=51 4x17=68 5x17=85 6x17=102 7x17=119 8x17=136 9x17=153 10x17=170 11x17=187 12x17=204 13x17=221 14x17=238 15x17=255 16x17=272 17x17=289 18x17=306 19x17=323 20x17=340 21x17=357 22x17=374 23x17=391 24x17=408 25x17=425 26x17=442 27x17=459 28x17=476 29x17=493 30x17=510 31x17=527 32x17=544 33x17=561 34x17=578 35x17=595 36x17=612 37x17=629 38x17=646 39x17=663 40x17=680 41x17=697 42x17=714 43x17=731 44x17=748 45x17=765 46x17=782 47x17=799 48x17=816 49x17=833 50x17=850 51x17=867 52x17=884 53x17=901 54x17=918 55x17=935 56x17=952 57x17=969 
1x18=18 2x18=36 3x18=54 4x18=72 5x18=90 6x18=108 7x18=126 8x18=144 9x18=162 10x18=180 11x18=198 12x18=216 13x18=234 14x18=252 15x18=270 16x18=288 17x18=306 18x18=324 19x18=342 20x18=360 21x18=378 22x18=396 23x18=414 24x18=432 25x18=450 26x18=468 27x18=486 28x18=504 29x18=522 30x18=540 31x18=558 32x18=576 33x18=594 34x18=612 35x18=630 36x18=648 37x18=666 38x18=684 39x18=702 40x18=720 41x18=738 42x18=756 43x18=774 44x18=792 45x18=810 46x18=828 47x18=846 48x18=864 49x18=882 50x18=900 51x18=918 52x18=936 53x18=954 54x18=972 55x18=990 56x18=1008 57x18=1026 
1x19=19 2x19=38 3x19=57 4x19=76 5x19=95 6x19=114 7x19=133 8x19=152 9x19=171 10x19=190 11x19=209 12x19=228 13x19=247 14x19=266 15x19=285 16x19=304 17x19=323 18x19=342 19x19=361 20x19=380 21x19=399 22x19=418 23x19=437 24x19=456 25x19=475 26x19=494 27x19=513 28x19=532 29x19=551 30x19=570 31x19=589 32x19=608 33x19=627 34x19=646 35x19=665 36x19=684 37x19=703 38x19=722 39x19=741 40x19=760 41x19=779 42x19=798 43x19=817 44x19=836 45x19=855 46x19=874 47x19=893 48x19=912 49x19=931 50x19=950 51x19=969 52x19=988 53x19=1007 54x19=1026 55x19=1045 56x19=1064 57x19=1083 
1x20=20 2x20=40 3x20=60 4x20=80 5x20=100 6x20=120 7x20=140 8x20=160 9x20=180 10x20=200 11x20=220 12x20=240 13x20=260 14x20=280 15x20=300 16x20=320 17x20=340 18x20=360 19x20=380 20x20=400 21x20=420 22x20=440 23x20=460 24x20=480 25x20=500 26x20=520 27x20=540 28x20=560 29x20=580 30x20=600 31x20=620 32x20=640 33x20=660 34x20=680 35x20=700 36x20=720 37x20=740 38x20=760 39x20=780 40x20=800 41x20=820 42x20=840 43x20=860 44x20=880 45x20=900 46x20=920 47x20=940 48x20=960 49x20=980 50x20=1000 51x20=1020 52x20=1040 53x20=1060 54x20=1080 55x20=1100 56x20=1120 57x20=1140 
1x21=21 2x21=42 3x21=63 4x21=84 5x21=105 6x21=126 7x21=147 8x21=168 9x21=189 10x21=210 11x21=231 12x21=252 13x21=273 14x21=294 15x21=315 16x21=336 17x21=357 18x21=378 19x21=399 20x21=420 21x21=441 22x21=462 23x21=483 24x21=504 25x21=525 26x21=546 27x21=567 28x21=588 29x21=609 30x21=630 31x21=651 32x21=672 33x21=693 34x21=714 35x21=735 36x21=756 37x21=777 38x21=798 39x21=819 40x21=840 41x21=861 42x21=882 43x21=903 44x21=924 45x21=945 46x21=966 47x21=987 48x21=1008 49x21=1029 50x21=1050 51x21=1071 52x21=1092 53x21=1113 54x21=1134 55x21=1155 56x21=1176 57x21=1197 
1x22=22 2x22=44 3x22=66 4x22=88 5x22=110 6x22=132 7x22=154 8x22=176 9x22=198 10x22=220 11x22=242 12x22=264 13x22=286 14x22=308 15x22=330 16x22=352 17x22=374 18x22=396 19x22=418 20x22=440 21x22=462 22x22=484 23x22=506 24x22=528 25x22=550 26x22=572 27x22=594 28x22=616 29x22=638 30x22=660 31x22=682 32x22=704 33x22=726 34x22=748 35x22=770 36x22=792 37x22=814 38x22=836 39x22=858 40x22=880 41x22=902 42x22=924 43x22=946 44x22=968 45x22=990 46x22=1012 47x22=1034 48x22=1056 49x22=1078 50x22=1100 51x22=1122 52x22=1144 53x22=1166 54x22=1188 55x22=1210 56x22=1232 57x22=1254 
1x23=23 2x23=46 3x23=69 4x23=92 5x23=115 6x23=138 7x23=161 8x23=184 9x23=207 10x23=230 11x23=253 12x23=276 13x23=299 14x23=322 15x23=345 16x23=368 17x23=391 18x23=414 19x23=437 20x23=460 21x23=483 22x23=506 23x23=529 24x23=552 25x23=575 26x23=598 27x23=621 28x23=644 29x23=667 30x23=690 31x23=713 32x23=736 33x23=759 34x23=782 35x23=805 36x23=828 37x23=851 38x23=874 39x23=897 40x23=920 41x23=943 42x23=966 43x23=989 44x23=1012 45x23=1035 46x23=1058 47x23=1081 48x23=1104 49x23=1127 50x23=1150 51x23=1173 52x23=1196 53x23=1219 54x23=1242 55x23=1265 56x23=1288 57x23=1311 
1x24=24 2x24=48 3x24=72 4x24=96 5x24=120 6x24=144 7x24=168 8x24=192 9x24=216 10x24=240 11x24=264 12x24=288 13x24=312 14x24=336 15x24=360 16x24=384 17x24=408 18x24=432 19x24=456 20x24=480 21x24=504 22x24=528 23x24=552 24x24=576 25x24=600 26x24=624 27x24=648 28x24=672 29x24=696 30x24=720 31x24=744 32x24=768 33x24=792 34x24=816 35x24=840 36x24=864 37x24=888 38x24=912 39x24=936 40x24=960 41x24=984 42x24=1008 43x24=1032 44x24=1056 45x24=1080 46x24=1104 47x24=1128 48x24=1152 49x24=1176 50x24=1200 51x24=1224 52x24=1248 53x24=1272 54x24=1296 55x24=1320 56x24=1344 57x24=1368 
1x25=25 2x25=50 3x25=75 4x25=100 5x25=125 6x25=150 7x25=175 8x25=200 9x25=225 10x25=250 11x25=275 12x25=300 13x25=325 14x25=350 15x25=375 16x25=400 17x25=425 18x25=450 19x25=475 20x25=500 21x25=525 22x25=550 23x25=575 24x25=600 25x25=625 26x25=650 27x25=675 28x25=700 29x25=725 30x25=750 31x25=775 32x25=800 33x25=825 34x25=850 35x25=875 36x25=900 37x25=925 38x25=950 39x25=975 40x25=1000 41x25=1025 42x25=1050 43x25=1075 44x25=1100 45x25=1125 46x25=1150 47x25=1175 48x25=1200 49x25=1225 50x25=1250 51x25=1275 52x25=1300 53x25=1325 54x25=1350 55x25=1375 56x25=1400 57x25=1425 
1x26=26 2x26=52 3x26=78 4x26=104 5x26=130 6x26=156 7x26=182 8x26=208 9x26=234 10x26=260 11x26=286 12x26=312 13x26=338 14x26=364 15x26=390 16x26=416 17x26=442 18x26=468 19x26=494 20x26=520 21x26=546 22x26=572 23x26=598 24x26=624 25x26=650 26x26=676 27x26=702 28x26=728 29x26=754 30x26=780 31x26=806 32x26=832 33x26=858 34x26=884 35x26=910 36x26=936 37x26=962 38x26=988 39x26=1014 40x26=1040 41x26=1066 42x26=1092 43x26=1118 44x26=1144 45x26=1170 46x26=1196 47x26=1222 48x26=1248 49x26=1274 50x26=1300 51x26=1326 52x26=1352 53x26=1378 54x26=1404 55x26=1430 56x26=1456 57x26=1482 
1x27=27 2x27=54 3x27=81 4x27=108 5x27=135 6x27=162 7x27=189 8x27=216 9x27=243 10x27=270 11x27=297 12x27=324 13x27=351 14x27=378 15x27=405 16x27=432 17x27=459 18x27=486 19x27=513 20x27=540 21x27=567 22x27=594 23x27=621 24x27=648 25x27=675 26x27=702 27x27=729 28x27=756 29x27=783 30x27=810 31x27=837 32x27=864 33x27=891 34x27=918 35x27=945 36x27=972 37x27=999 38x27=1026 39x27=1053 40x27=1080 41x27=1107 42x27=1134 43x27=1161 44x27=1188 45x27=1215 46x27=1242 47x27=1269 48x27=1296 49x27=1323 50x27=1350 51x27=1377 52x27=1404 53x27=1431 54x27=1458 55x27=1485 56x27=1512 57x27=1539 
1x28=28 2x28=56 3x28=84 4x28=112 5x28=140 6x28=168 7x28=196 8x28=224 9x28=252 10x28=280 11x28=308 12x28=336 13x28=364 14x28=392 15x28=420 16x28=448 17x28=476 18x28=504 19x28=532 20x28=560 21x28=588 22x28=616 23x28=644 24x28=672 25x28=700 26x28=728 27x28=756 28x28=784 29x28=812 30x28=840 31x28=868 32x28=896 33x28=924 34x28=952 35x28=980 36x28=1008 37x28=1036 38x28=1064 39x28=1092 40x28=1120 41x28=1148 42x28=1176 43x28=1204 44x28=1232 45x28=1260 46x28=1288 47x28=1316 48x28=1344 49x28=1372 50x28=1400 51x28=1428 52x28=1456 53x28=1484 54x28=1512 55x28=1540 56x28=1568 57x28=1596 
1x29=29 2x29=58 3x29=87 4x29=116 5x29=145 6x29=174 7x29=203 8x29=232 9x29=261 10x29=290 11x29=319 12x29=348 13x29=377 14x29=406 15x29=435 16x29=464 17x29=493 18x29=522 19x29=551 20x29=580 21x29=609 22x29=638 23x29=667 24x29=696 25x29=725 26x29=754 27x29=783 28x29=812 29x29=841 30x29=870 31x29=899 32x29=928 33x29=957 34x29=986 35x29=1015 36x29=1044 37x29=1073 38x29=1102 39x29=1131 40x29=1160 41x29=1189 42x29=1218 43x29=1247 44x29=1276 45x29=1305 46x29=1334 47x29=1363 48x29=1392 49x29=1421 50x29=1450 51x29=1479 52x29=1508 53x29=1537 54x29=1566 55x29=1595 56x29=1624 57x29=1653 
1x30=30 2x30=60 3x30=90 4x30=120 5x30=150 6x30=180 7x30=210 8x30=240 9x30=270 10x30=300 11x30=330 12x30=360 13x30=390 14x30=420 15x30=450 16x30=480 17x30=510 18x30=540 19x30=570 20x30=600 21x30=630 22x30=660 23x30=690 24x30=720 25x30=750 26x30=780 27x30=810 28x30=840 29x30=870 30x30=900 31x30=930 32x30=960 33x30=990 34x30=1020 35x30=1050 36x30=1080 37x30=1110 38x30=1140 39x30=1170 40x30=1200 41x30=1230 42x30=1260 43x30=1290 44x30=1320 45x30=1350 46x30=1380 47x30=1410 48x30=1440 49x30=1470 50x30=1500 51x30=1530 52x30=1560 53x30=1590 54x30=1620 55x30=1650 56x30=1680 57x30=1710 
1x31=31 2x31=62 3x31=93 4x31=124 5x31=155 6x31=186 7x31=217 8x31=248 9x31=279 10x31=310 11x31=341 12x31=372 13x31=403 14x31=434 15x31=465 16x31=496 17x31=527 18x31=558 19x31=589 20x31=620 21x31=651 22x31=682 23x31=713 24x31=744 25x31=775 26x31=806 27x31=837 28x31=868 29x31=899 30x31=930 31x31=961 32x31=992 33x31=1023 34x31=1054 35x31=1085 36x31=1116 37x31=1147 38x31=1178 39x31=1209 40x31=1240 41x31=1271 42x31=1302 43x31=1333 44x31=1364 45x31=1395 46x31=1426 47x31=1457 48x31=1488 49x31=1519 50x31=1550 51x31=1581 52x31=1612 53x31=1643 54x31=1674 55x31=1705 56x31=1736 57x31=1767 
1x32=32 2x32=64 3x32=96 4x32=128 5x32=160 6x32=192 7x32=224 8x32=256 9x32=288 10x32=320 11x32=352 12x32=384 13x32=416 14x32=448 15x32=480 16x32=512 17x32=544 18x32=576 19x32=608 20x32=640 21x32=672 22x32=704 23x32=736 24x32=768 25x32=800 26x32=832 27x32=864 28x32=896 29x32=928 30x32=960 31x32=992 32x32=1024 33x32=1056 34x32=1088 35x32=1120 36x32=1152 37x32=1184 38x32=1216 39x32=1248 40x32=1280 41x32=1312 42x32=1344 43x32=1376 44x32=1408 45x32=1440 46x32=1472 47x32=1504 48x32=1536 49x32=1568 50x32=1600 51x32=1632 52x32=1664 53x32=1696 54x32=1728 55x32=1760 56x32=1792 57x32=1824 
1x33=33 2x33=66 3x33=99 4x33=132 5x33=165 6x33=198 7x33=231 8x33=264 9x33=297 10x33=330 11x33=363 12x33=396 13x33=429 14x33=462 15x33=495 16x33=528 17x33=561 18x33=594 19x33=627 20x33=660 21x33=693 22x33=726 23x33=759 24x33=792 25x33=825 26x33=858 27x33=891 28x33=924 29x33=957 30x33=990 31x33=1023 32x33=1056 33x33=1089 34x33=1122 35x33=1155 36x33=1188 37x33=1221 38x33=1254 39x33=1287 40x33=1320 41x33=1353 42x33=1386 43x33=1419 44x33=1452 45x33=1485 46x33=1518 47x33=1551 48x33=1584 49x33=1617 50x33=1650 51x33=1683 52x33=1716 53x33=1749 54x33=1782 55x33=1815 56x33=1848 57x33=1881 
1x34=34 2x34=68 3x34=102 4x34=136 5x34=170 6x34=204 7x34=238 8x34=272 9x34=306 10x34=340 11x34=374 12x34=408 13x34=442 14x34=476 15x34=510 16x34=544 17x34=578 18x34=612 19x34=646 20x34=680 21x34=714 22x34=748 23x34=782 24x34=816 25x34=850 26x34=884 27x34=918 28x34=952 29x34=986 30x34=1020 31x34=1054 32x34=1088 33x34=1122 34x34=1156 35x34=1190 36x34=1224 37x34=1258 38x34=1292 39x34=1326 40x34=1360 41x34=1394 42x34=1428 43x34=1462 44x34=1496 45x34=1530 46x34=1564 47x34=1598 48x34=1632 49x34=1666 50x34=1700 51x34=1734 52x34=1768 53x34=1802 54x34=1836 55x34=1870 56x34=1904 57x34=1938 
1x35=35 2x35=70 3x35=105 4x35=140 5x35=175 6x35=210 7x35=245 8x35=280 9x35=315 10x35=350 11x35=385 12x35=420 13x35=455 14x35=490 15x35=525 16x35=560 17x35=595 18x35=630 19x35=665 20x35=700 21x35=735 22x35=770 23x35=805 24x35=840 25x35=875 26x35=910 27x35=945 28x35=980 29x35=1015 30x35=1050 31x35=1085 32x35=1120 33x35=1155 34x35=1190 35x35=1225 36x35=1260 37x35=1295 38x35=1330 39x35=1365 40x35=1400 41x35=1435 42x35=1470 43x35=1505 44x35=1540 45x35=1575 46x35=1610 47x35=1645 48x35=1680 49x35=1715 50x35=1750 51x35=1785 52x35=1820 53x35=1855 54x35=1890 55x35=1925 56x35=1960 57x35=1995 
1x36=36 2x36=72 3x36=108 4x36=144 5x36=180 6x36=216 7x36=252 8x36=288 9x36=324 10x36=360 11x36=396 12x36=432 13x36=468 14x36=504 15x36=540 16x36=576 17x36=612 18x36=648 19x36=684 20x36=720 21x36=756 22x36=792 23x36=828 24x36=864 25x36=900 26x36=936 27x36=972 28x36=1008 29x36=1044 30x36=1080 31x36=1116 32x36=1152 33x36=1188 34x36=1224 35x36=1260 36x36=1296 37x36=1332 38x36=1368 39x36=1404 40x36=1440 41x36=1476 42x36=1512 43x36=1548 44x36=1584 45x36=1620 46x36=1656 47x36=1692 48x36=1728 49x36=1764 50x36=1800 51x36=1836 52x36=1872 53x36=1908 54x36=1944 55x36=1980 56x36=2016 57x36=2052 
1x37=37 2x37=74 3x37=111 4x37=148 5x37=185 6x37=222 7x37=259 8x37=296 9x37=333 10x37=370 11x37=407 12x37=444 13x37=481 14x37=518 15x37=555 16x37=592 17x37=629 18x37=666 19x37=703 20x37=740 21x37=777 22x37=814 23x37=851 24x37=888 25x37=925 26x37=962 27x37=999 28x37=1036 29x37=1073 30x37=1110 31x37=1147 32x37=1184 33x37=1221 34x37=1258 35x37=1295 36x37=1332 37x37=1369 38x37=1406 39x37=1443 40x37=1480 41x37=1517 42x37=1554 43x37=1591 44x37=1628 45x37=1665 46x37=1702 47x37=1739 48x37=1776 49x37=1813 50x37=1850 51x37=1887 52x37=1924 53x37=1961 54x37=1998 55x37=2035 56x37=2072 57x37=2109 
1x38=38 2x38=76 3x38=114 4x38=152 5x38=190 6x38=228 7x38=266 8x38=304 9x38=342 10x38=380 11x38=418 12x38=456 13x38=494 14x38=532 15x38=570 16x38=608 17x38=646 18x38=684 19x38=722 20x38=760 21x38=798 22x38=836 23x38=874 24x38=912 25x38=950 26x38=988 27x38=1026 28x38=1064 29x38=1102 30x38=1140 31x38=1178 32x38=1216 33x38=1254 34x38=1292 35x38=1330 36x38=1368 37x38=1406 38x38=1444 39x38=1482 40x38=1520 41x38=1558 42x38=1596 43x38=1634 44x38=1672 45x38=1710 46x38=1748 47x38=1786 48x38=1824 49x38=1862 50x38=1900 51x38=1938 52x38=1976 53x38=2014 54x38=2052 55x38=2090 56x38=2128 57x38=2166 
1x39=39 2x39=78 3x39=117 4x39=156 5x39=195 6x39=234 7x39=273 8x39=312 9x39=351 10x39=390 11x39=429 12x39=468 13x39=507 14x39=546 15x39=585 16x39=624 17x39=663 18x39=702 19x39=741 20x39=780 21x39=819 22x39=858 23x39=897 24x39=936 25x39=975 26x39=1014 27x39=1053 28x39=1092 29x39=1131 30x39=1170 31x39=1209 32x39=1248 33x39=1287 34x39=1326 35x39=1365 36x39=1404 37x39=1443 38x39=1482 39x39=1521 40x39=1560 41x39=1599 42x39=1638 43x39=1677 44x39=1716 45x39=1755 46x39=1794 47x39=1833 48x39=1872 49x39=1911 50x39=1950 51x39=1989 52x39=2028 53x39=2067 54x39=2106 55x39=2145 56x39=2184 57x39=2223 
1x40=40 2x40=80 3x40=120 4x40=160 5x40=200 6x40=240 7x40=280 8x40=320 9x40=360 10x40=400 11x40=440 12x40=480 13x40=520 14x40=560 15x40=600 16x40=640 17x40=680 18x40=720 19x40=760 20x40=800 21x40=840 22x40=880 23x40=920 24x40=960 25x40=1000 26x40=1040 27x40=1080 28x40=1120 29x40=1160 30x40=1200 31x40=1240 32x40=1280 33x40=1320 34x40=1360 35x40=1400 36x40=1440 37x40=1480 38x40=1520 39x40=1560 40x40=1600 41x40=1640 42x40=1680 43x40=1720 44x40=1760 45x40=1800 46x40=1840 47x40=1880 48x40=1920 49x40=1960 50x40=2000 51x40=2040 52x40=2080 53x40=2120 54x40=2160 55x40=2200 56x40=2240 57x40=2280 
1x41=41 2x41=82 3x41=123 4x41=164 5x41=205 6x41=246 7x41=287 8x41=328 9x41=369 10x41=410 11x41=451 12x41=492 13x41=533 14x41=574 15x41=615 16x41=656 17x41=697 18x41=738 19x41=779 20x41=820 21x41=861 22x41=902 23x41=943 24x41=984 25x41=1025 26x41=1066 27x41=1107 28x41=1148 29x41=1189 30x41=1230 31x41=1271 32x41=1312 33x41=1353 34x41=1394 35x41=1435 36x41=1476 37x41=1517 38x41=1558 39x41=1599 40x41=1640 41x41=1681 42x41=1722 43x41=1763 44x41=1804 45x41=1845 46x41=1886 47x41=1927 48x41=1968 49x41=2009 50x41=2050 51x41=2091 52x41=2132 53x41=2173 54x41=2214 55x41=2255 56x41=2296 57x41=2337 
1x42=42 2x42=84 3x42=126 4x42=168 5x42=210 6x42=252 7x42=294 8x42=336 9x42=378 10x42=420 11x42=462 12x42=504 13x42=546 14x42=588 15x42=630 16x42=672 17x42=714 18x42=756 19x42=798 20x42=840 21x42=882 22x42=924 23x42=966 24x42=1008 25x42=1050 26x42=1092 27x42=1134 28x42=1176 29x42=1218 30x42=1260 31x42=1302 32x42=1344 33x42=1386 34x42=1428 35x42=1470 36x42=1512 37x42=1554 38x42=1596 39x42=1638 40x42=1680 41x42=1722 42x42=1764 43x42=1806 44x42=1848 45x42=1890 46x42=1932 47x42=1974 48x42=2016 49x42=2058 50x42=2100 51x42=2142 52x42=2184 53x42=2226 54x42=2268 55x42=2310 56x42=2352 57x42=2394 
1x43=43 2x43=86 3x43=129 4x43=172 5x43=215 6x43=258 7x43=301 8x43=344 9x43=387 10x43=430 11x43=473 12x43=516 13x43=559 14x43=602 15x43=645 16x43=688 17x43=731 18x43=774 19x43=817 20x43=860 21x43=903 22x43=946 23x43=989 24x43=1032 25x43=1075 26x43=1118 27x43=1161 28x43=1204 29x43=1247 30x43=1290 31x43=1333 32x43=1376 33x43=1419 34x43=1462 35x43=1505 36x43=1548 37x43=1591 38x43=1634 39x43=1677 40x43=1720 41x43=1763 42x43=1806 43x43=1849 44x43=1892 45x43=1935 46x43=1978 47x43=2021 48x43=2064 49x43=2107 50x43=2150 51x43=2193 52x43=2236 53x43=2279 54x43=2322 55x43=2365 56x43=2408 57x43=2451 
1x44=44 2x44=88 3x44=132 4x44=176 5x44=220 6x44=264 7x44=308 8x44=352 9x44=396 10x44=440 11x44=484 12x44=528 13x44=572 14x44=616 15x44=660 16x44=704 17x44=748 18x44=792 19x44=836 20x44=880 21x44=924 22x44=968 23x44=1012 24x44=1056 25x44=1100 26x44=1144 27x44=1188 28x44=1232 29x44=1276 30x44=1320 31x44=1364 32x44=1408 33x44=1452 34x44=1496 35x44=1540 36x44=1584 37x44=1628 38x44=1672 39x44=1716 40x44=1760 41x44=1804 42x44=1848 43x44=1892 44x44=1936 45x44=1980 46x44=2024 47x44=2068 48x44=2112 49x44=2156 50x44=2200 51x44=2244 52x44=2288 53x44=2332 54x44=2376 55x44=2420 56x44=2464 57x44=2508 
1x45=45 2x45=90 3x45=135 4x45=180 5x45=225 6x45=270 7x45=315 8x45=360 9x45=405 10x45=450 11x45=495 12x45=540 13x45=585 14x45=630 15x45=675 16x45=720 17x45=765 18x45=810 19x45=855 20x45=900 21x45=945 22x45=990 23x45=1035 24x45=1080 25x45=1125 26x45=1170 27x45=1215 28x45=1260 29x45=1305 30x45=1350 31x45=1395 32x45=1440 33x45=1485 34x45=1530 35x45=1575 36x45=1620 37x45=1665 38x45=1710 39x45=1755 40x45=1800 41x45=1845 42x45=1890 43x45=1935 44x45=1980 45x45=2025 46x45=2070 47x45=2115 48x45=2160 49x45=2205 50x45=2250 51x45=2295 52x45=2340 53x45=2385 54x45=2430 55x45=2475 56x45=2520 57x45=2565 
1x46=46 2x46=92 3x46=138 4x46=184 5x46=230 6x46=276 7x46=322 8x46=368 9x46=414 10x46=460 11x46=506 12x46=552 13x46=598 14x46=644 15x46=690 16x46=736 17x46=782 18x46=828 19x46=874 20x46=920 21x46=966 22x46=1012 23x46=1058 24x46=1104 25x46=1150 26x46=1196 27x46=1242 28x46=1288 29x46=1334 30x46=1380 31x46=1426 32x46=1472 33x46=1518 34x46=1564 35x46=1610 36x46=1656 37x46=1702 38x46=1748 39x46=1794 40x46=1840 41x46=1886 42x46=1932 43x46=1978 44x46=2024 45x46=2070 46x46=2116 47x46=2162 48x46=2208 49x46=2254 50x46=2300 51x46=2346 52x46=2392 53x46=2438 54x46=2484 55x46=2530 56x46=2576 57x46=2622 
1x47=47 2x47=94 3x47=141 4x47=188 5x47=235 6x47=282 7x47=329 8x47=376 9x47=423 10x47=470 11x47=517 12x47=564 13x47=611 14x47=658 15x47=705 16x47=752 17x47=799 18x47=846 19x47=893 20x47=940 21x47=987 22x47=1034 23x47=1081 24x47=1128 25x47=1175 26x47=1222 27x47=1269 28x47=1316 29x47=1363 30x47=1410 31x47=1457 32x47=1504 33x47=1551 34x47=1598 35x47=1645 36x47=1692 37x47=1739 38x47=1786 39x47=1833 40x47=1880 41x47=1927 42x47=1974 43x47=2021 44x47=2068 45x47=2115 46x47=2162 47x47=2209 48x47=2256 49x47=2303 50x47=2350 51x47=2397 52x47=2444 53x47=2491 54x47=2538 55x47=2585 56x47=2632 57x47=2679 
1x48=48 2x48=96 3x48=144 4x48=192 5x48=240 6x48=288 7x48=336 8x48=384 9x48=432 10x48=480 11x48=528 12x48=576 13x48=624 14x48=672 15x48=720 16x48=768 17x48=816 18x48=864 19x48=912 20x48=960 21x48=1008 22x48=1056 23x48=1104 24x48=1152 25x48=1200 26x48=1248 27x48=1296 28x48=1344 29x48=1392 30x48=1440 31x48=1488 32x48=1536 33x48=1584 34x48=1632 35x48=1680 36x48=1728 37x48=1776 38x48=1824 39x48=1872 40x48=1920 41x48=1968 42x48=2016 43x48=2064 44x48=2112 45x48=2160 46x48=2208 47x48=2256 48x48=2304 49x48=2352 50x48=2400 51x48=2448 52x48=2496 53x48=2544 54x48=2592 55x48=2640 56x48=2688 57x48=2736 
1x49=49 2x49=98 3x49=147 4x49=196 5x49=245 6x49=294 7x49=343 8x49=392 9x49=441 10x49=490 11x49=539 12x49=588 13x49=637 14x49=686 15x49=735 16x49=784 17x49=833 18x49=882 19x49=931 20x49=980 21x49=1029 22x49=1078 23x49=1127 24x49=1176 25x49=1225 26x49=1274 27x49=1323 28x49=1372 29x49=1421 30x49=1470 31x49=1519 32x49=1568 33x49=1617 34x49=1666 35x49=1715 36x49=1764 37x49=1813 38x49=1862 39x49=1911 40x49=1960 41x49=2009 42x49=2058 43x49=2107 44x49=2156 45x49=2205 46x49=2254 47x49=2303 48x49=2352 49x49=2401 50x49=2450 51x49=2499 52x49=2548 53x49=2597 54x49=2646 55x49=2695 56x49=2744 57x49=2793 
1x50=50 2x50=100 3x50=150 4x50=200 5x50=250 6x50=300 7x50=350 8x50=400 9x50=450 10x50=500 11x50=550 12x50=600 13x50=650 14x50=700 15x50=750 16x50=800 17x50=850 18x50=900 19x50=950 20x50=1000 21x50=1050 22x50=1100 23x50=1150 24x50=1200 25x50=1250 26x50=1300 27x50=1350 28x50=1400 29x50=1450 30x50=1500 31x50=1550 32x50=1600 33x50=1650 34x50=1700 35x50=1750 36x50=1800 37x50=1850 38x50=1900 39x50=1950 40x50=2000 41x50=2050 42x50=2100 43x50=2150 44x50=2200 45x50=2250 46x50=2300 47x50=2350 48x50=2400 49x50=2450 50x50=2500 51x50=2550 52x50=2600 53x50=2650 54x50=2700 55x50=2750 56x50=2800 57x50=2850 
1x51=51 2x51=102 3x51=153 4x51=204 5x51=255 6x51=306 7x51=357 8x51=408 9x51=459 10x51=510 11x51=561 12x51=612 13x51=663 14x51=714 15x51=765 16x51=816 17x51=867 18x51=918 19x51=969 20x51=1020 21x51=1071 22x51=1122 23x51=1173 24x51=1224 25x51=1275 26x51=1326 27x51=1377 28x51=1428 29x51=1479 30x51=1530 31x51=1581 32x51=1632 33x51=1683 34x51=1734 35x51=1785 36x51=1836 37x51=1887 38x51=1938 39x51=1989 40x51=2040 41x51=2091 42x51=2142 43x51=2193 44x51=2244 45x51=2295 46x51=2346 47x51=2397 48x51=2448 49x51=2499 50x51=2550 51x51=2601 52x51=2652 53x51=2703 54x51=2754 55x51=2805 56x51=2856 57x51=2907 
1x52=52 2x52=104 3x52=156 4x52=208 5x52=260 6x52=312 7x52=364 8x52=416 9x52=468 10x52=520 11x52=572 12x52=624 13x52=676 14x52=728 15x52=780 16x52=832 17x52=884 18x52=936 19x52=988 20x52=1040 21x52=1092 22x52=1144 23x52=1196 24x52=1248 25x52=1300 26x52=1352 27x52=1404 28x52=1456 29x52=1508 30x52=1560 31x52=1612 32x52=1664 33x52=1716 34x52=1768 35x52=1820 36x52=1872 37x52=1924 38x52=1976 39x52=2028 40x52=2080 41x52=2132 42x52=2184 43x52=2236 44x52=2288 45x52=2340 46x52=2392 47x52=2444 48x52=2496 49x52=2548 50x52=2600 51x52=2652 52x52=2704 53x52=2756 54x52=2808 55x52=2860 56x52=2912 57x52=2964 
1x53=53 2x53=106 3x53=159 4x53=212 5x53=265 6x53=318 7x53=371 8x53=424 9x53=477 10x53=530 11x53=583 12x53=636 13x53=689 14x53=742 15x53=795 16x53=848 17x53=901 18x53=954 19x53=1007 20x53=1060 21x53=1113 22x53=1166 23x53=1219 24x53=1272 25x53=1325 26x53=1378 27x53=1431 28x53=1484 29x53=1537 30x53=1590 31x53=1643 32x53=1696 33x53=1749 34x53=1802 35x53=1855 36x53=1908 37x53=1961 38x53=2014 39x53=2067 40x53=2120 41x53=2173 42x53=2226 43x53=2279 44x53=2332 45x53=2385 46x53=2438 47x53=2491 48x53=2544 49x53=2597 50x53=2650 51x53=2703 52x53=2756 53x53=2809 54x53=2862 55x53=2915 56x53=2968 57x53=3021 
1x54=54 2x54=108 3x54=162 4x54=216 5x54=270 6x54=324 7x54=378 8x54=432 9x54=486 10x54=540 11x54=594 12x54=648 13x54=702 14x54=756 15x54=810 16x54=864 17x54=918 18x54=972 19x54=1026 20x54=1080 21x54=1134 22x54=1188 23x54=1242 24x54=1296 25x54=1350 26x54=1404 27x54=1458 28x54=1512 29x54=1566 30x54=1620 31x54=1674 32x54=1728 33x54=1782 34x54=1836 35x54=1890 36x54=1944 37x54=1998 38x54=2052 39x54=2106 40x54=2160 41x54=2214 42x54=2268 43x54=2322 44x54=2376 45x54=2430 46x54=2484 47x54=2538 48x54=2592 49x54=2646 50x54=2700 51x54=2754 52x54=2808 53x54=2862 54x54=2916 55x54=2970 56x54=3024 57x54=3078 
1x55=55 2x55=110 3x55=165 4x55=220 5x55=275 6x55=330 7x55=385 8x55=440 9x55=495 10x55=550 11x55=605 12x55=660 13x55=715 14x55=770 15x55=825 16x55=880 17x55=935 18x55=990 19x55=1045 20x55=1100 21x55=1155 22x55=1210 23x55=1265 24x55=1320 25x55=1375 26x55=1430 27x55=1485 28x55=1540 29x55=1595 30x55=1650 31x55=1705 32x55=1760 33x55=1815 34x55=1870 35x55=1925 36x55=1980 37x55=2035 38x55=2090 39x55=2145 40x55=2200 41x55=2255 42x55=2310 43x55=2365 44x55=2420 45x55=2475 46x55=2530 47x55=2585 48x55=2640 49x55=2695 50x55=2750 51x55=2805 52x55=2860 53x55=2915 54x55=2970 55x55=3025 56x55=3080 57x55=3135 
1x56=56 2x56=112 3x56=168 4x56=224 5x56=280 6x56=336 7x56=392 8x56=448 9x56=504 10x56=560 11x56=616 12x56=672 13x56=728 14x56=784 15x56=840 16x56=896 17x56=952 18x56=1008 19x56=1064 20x56=1120 21x56=1176 22x56=1232 23x56=1288 24x56=1344 25x56=1400 26x56=1456 27x56=1512 28x56=1568 29x56=1624 30x56=1680 31x56=1736 32x56=1792 33x56=1848 34x56=1904 35x56=1960 36x56=2016 37x56=2072 38x56=2128 39x56=2184 40x56=2240 41x56=2296 42x56=2352 43x56=2408 44x56=2464 45x56=2520 46x56=2576 47x56=2632 48x56=2688 49x56=2744 50x56=2800 51x56=2856 52x56=2912 53x56=2968 54x56=3024 55x56=3080 56x56=3136 57x56=3192 
1x57=57 2x57=114 3x57=171 4x57=228 5x57=285 6x57=342 7x57=399 8x57=456 9x57=513 10x57=570 11x57=627 12x57=684 13x57=741 14x57=798 15x57=855 16x57=912 17x57=969 18x57=1026 19x57=1083 20x57=1140 21x57=1197 22x57=1254 23x57=1311 24x57=1368 25x57=1425 26x57=1482 27x57=1539 28x57=1596 29x57=1653 30x57=1710 31x57=1767 32x57=1824 33x57=1881 34x57=1938 35x57=1995 36x57=2052 37x57=2109 38x57=2166 39x57=2223 40x57=2280 41x57=2337 42x57=2394 43x57=2451 44x57=2508 45x57=2565 46x57=2622 47x57=2679 48x57=2736 49x57=2793 50x57=2850 51x57=2907 52x57=2964 53x57=3021 54x57=3078 55x57=3135 56x57=3192 57x57=3249 
